0 0.756000 0.690000 0.800000 0.690000 0.800000 0.734000 0.756000 0.734000
0 0.630000 0.412000 0.670000 0.412000 0.670000 0.452000 0.630000 0.452000
1 0.790000 0.540000 0.755359 0.600000 0.824641 0.600000
1 0.154000 0.580000 0.126287 0.628000 0.181713 0.628000
1 0.498000 0.178000 0.387149 0.370000 0.608851 0.370000
0 0.280000 0.444000 0.448000 0.444000 0.448000 0.612000 0.280000 0.612000
0 0.202000 0.246000 0.254000 0.246000 0.254000 0.298000 0.202000 0.298000
1 0.578000 0.476000 0.536431 0.548000 0.619569 0.548000
0 0.696000 0.320000 0.788000 0.320000 0.788000 0.412000 0.696000 0.412000
1 0.690000 0.710000 0.643812 0.790000 0.736188 0.790000
0 0.242000 0.684000 0.394000 0.684000 0.394000 0.836000 0.242000 0.836000