0 0.476000 0.734000 0.648000 0.734000 0.648000 0.906000 0.476000 0.906000
1 0.798000 0.820000 0.754121 0.896000 0.841879 0.896000
0 0.424000 0.478000 0.496000 0.478000 0.496000 0.550000 0.424000 0.550000
0 0.606000 0.238000 0.758000 0.238000 0.758000 0.390000 0.606000 0.390000
1 0.818000 0.492000 0.707149 0.684000 0.928851 0.684000
1 0.240000 0.514000 0.184574 0.610000 0.295426 0.610000
0 0.256000 0.702000 0.452000 0.702000 0.452000 0.898000 0.256000 0.898000
0 0.322000 0.518000 0.414000 0.518000 0.414000 0.610000 0.322000 0.610000
1 0.278000 0.386000 0.208718 0.506000 0.347282 0.506000
0 0.414000 0.366000 0.506000 0.366000 0.506000 0.458000 0.414000 0.458000
1 0.406000 0.128000 0.373668 0.184000 0.438332 0.184000
1 0.668000 0.476000 0.624121 0.552000 0.711879 0.552000