1 0.336000 0.214000 0.266718 0.334000 0.405282 0.334000
0 0.518000 0.662000 0.718000 0.662000 0.718000 0.862000 0.518000 0.862000
1 0.416000 0.648000 0.307458 0.836000 0.524542 0.836000
1 0.846000 0.712000 0.806740 0.780000 0.885260 0.780000
1 0.270000 0.688000 0.235359 0.748000 0.304641 0.748000
0 0.514000 0.108000 0.610000 0.108000 0.610000 0.204000 0.514000 0.204000
0 0.542000 0.308000 0.714000 0.308000 0.714000 0.480000 0.542000 0.480000
0 0.232000 0.430000 0.288000 0.430000 0.288000 0.486000 0.232000 0.486000
1 0.584000 0.586000 0.556287 0.634000 0.611713 0.634000
0 0.442000 0.284000 0.518000 0.284000 0.518000 0.360000 0.442000 0.360000
1 0.364000 0.128000 0.333978 0.180000 0.394022 0.180000
0 0.796000 0.342000 0.852000 0.342000 0.852000 0.398000 0.796000 0.398000
1 0.860000 0.138000 0.793027 0.254000 0.926973 0.254000
0 0.098000 0.646000 0.234000 0.646000 0.234000 0.782000 0.098000 0.782000