0 0.182000 0.776000 0.222000 0.776000 0.222000 0.816000 0.182000 0.816000
0 0.232000 0.614000 0.312000 0.614000 0.312000 0.694000 0.232000 0.694000
0 0.716000 0.442000 0.768000 0.442000 0.768000 0.494000 0.716000 0.494000
1 0.822000 0.640000 0.787359 0.700000 0.856641 0.700000
0 0.704000 0.334000 0.748000 0.334000 0.748000 0.378000 0.704000 0.378000
1 0.470000 0.506000 0.430740 0.574000 0.509260 0.574000
0 0.114000 0.452000 0.178000 0.452000 0.178000 0.516000 0.114000 0.516000
1 0.324000 0.752000 0.287050 0.816000 0.360950 0.816000
0 0.568000 0.630000 0.680000 0.630000 0.680000 0.742000 0.568000 0.742000
0 0.504000 0.770000 0.588000 0.770000 0.588000 0.854000 0.504000 0.854000
1 0.262000 0.072000 0.155768 0.256000 0.368232 0.256000