0 0.562000 0.126000 0.734000 0.126000 0.734000 0.298000 0.562000 0.298000
0 0.744000 0.598000 0.880000 0.598000 0.880000 0.734000 0.744000 0.734000
0 0.422000 0.190000 0.526000 0.190000 0.526000 0.294000 0.422000 0.294000
0 0.618000 0.672000 0.742000 0.672000 0.742000 0.796000 0.618000 0.796000
0 0.734000 0.088000 0.930000 0.088000 0.930000 0.284000 0.734000 0.284000
0 0.190000 0.146000 0.318000 0.146000 0.318000 0.274000 0.190000 0.274000
0 0.284000 0.528000 0.468000 0.528000 0.468000 0.712000 0.284000 0.712000
0 0.776000 0.406000 0.824000 0.406000 0.824000 0.454000 0.776000 0.454000
0 0.102000 0.654000 0.218000 0.654000 0.218000 0.770000 0.102000 0.770000
1 0.568000 0.482000 0.544906 0.522000 0.591094 0.522000
0 0.082000 0.490000 0.242000 0.490000 0.242000 0.650000 0.082000 0.650000
1 0.370000 0.192000 0.312265 0.292000 0.427735 0.292000
1 0.234000 0.344000 0.164718 0.464000 0.303282 0.464000