1 0.184000 0.142000 0.126265 0.242000 0.241735 0.242000
1 0.718000 0.138000 0.692597 0.182000 0.743403 0.182000
1 0.374000 0.700000 0.300099 0.828000 0.447901 0.828000
1 0.380000 0.364000 0.299171 0.504000 0.460829 0.504000
1 0.590000 0.450000 0.555359 0.510000 0.624641 0.510000
1 0.302000 0.106000 0.246574 0.202000 0.357426 0.202000
1 0.642000 0.226000 0.535768 0.410000 0.748232 0.410000
0 0.810000 0.250000 0.906000 0.250000 0.906000 0.346000 0.810000 0.346000
0 0.106000 0.554000 0.190000 0.554000 0.190000 0.638000 0.106000 0.638000
0 0.704000 0.516000 0.844000 0.516000 0.844000 0.656000 0.704000 0.656000
1 0.310000 0.568000 0.233790 0.700000 0.386210 0.700000
1 0.682000 0.452000 0.654287 0.500000 0.709713 0.500000
1 0.248000 0.456000 0.192574 0.552000 0.303426 0.552000