0 0.376000 0.622000 0.444000 0.622000 0.444000 0.690000 0.376000 0.690000
0 0.628000 0.422000 0.680000 0.422000 0.680000 0.474000 0.628000 0.474000
1 0.312000 0.618000 0.277359 0.678000 0.346641 0.678000
1 0.688000 0.482000 0.595624 0.642000 0.780376 0.642000
0 0.332000 0.734000 0.472000 0.734000 0.472000 0.874000 0.332000 0.874000
0 0.326000 0.474000 0.458000 0.474000 0.458000 0.606000 0.326000 0.606000
1 0.164000 0.456000 0.094718 0.576000 0.233282 0.576000
1 0.860000 0.134000 0.749149 0.326000 0.970851 0.326000
1 0.572000 0.712000 0.470386 0.888000 0.673614 0.888000
0 0.210000 0.142000 0.290000 0.142000 0.290000 0.222000 0.210000 0.222000
0 0.514000 0.234000 0.582000 0.234000 0.582000 0.302000 0.514000 0.302000