0 0.542000 0.380000 0.622000 0.380000 0.622000 0.460000 0.542000 0.460000
1 0.526000 0.802000 0.465956 0.906000 0.586044 0.906000
0 0.794000 0.562000 0.858000 0.562000 0.858000 0.626000 0.794000 0.626000
1 0.304000 0.676000 0.260121 0.752000 0.347879 0.752000
1 0.404000 0.116000 0.373978 0.168000 0.434022 0.168000
0 0.736000 0.226000 0.836000 0.226000 0.836000 0.326000 0.736000 0.326000
1 0.472000 0.620000 0.388862 0.764000 0.555138 0.764000
1 0.240000 0.288000 0.182265 0.388000 0.297735 0.388000
0 0.514000 0.140000 0.650000 0.140000 0.650000 0.276000 0.514000 0.276000
1 0.558000 0.470000 0.500265 0.570000 0.615735 0.570000
0 0.168000 0.116000 0.216000 0.116000 0.216000 0.164000 0.168000 0.164000
0 0.638000 0.554000 0.794000 0.554000 0.794000 0.710000 0.638000 0.710000