0 0.202000 0.602000 0.350000 0.602000 0.350000 0.750000 0.202000 0.750000
0 0.190000 0.196000 0.282000 0.196000 0.282000 0.288000 0.190000 0.288000
1 0.774000 0.710000 0.702409 0.834000 0.845591 0.834000
0 0.168000 0.430000 0.252000 0.430000 0.252000 0.514000 0.168000 0.514000
1 0.554000 0.742000 0.489337 0.854000 0.618663 0.854000
1 0.860000 0.098000 0.769933 0.254000 0.950067 0.254000
0 0.318000 0.076000 0.478000 0.076000 0.478000 0.236000 0.318000 0.236000
0 0.310000 0.760000 0.434000 0.760000 0.434000 0.884000 0.310000 0.884000
0 0.380000 0.350000 0.536000 0.350000 0.536000 0.506000 0.380000 0.506000
1 0.762000 0.386000 0.658077 0.566000 0.865923 0.566000
0 0.582000 0.174000 0.722000 0.174000 0.722000 0.314000 0.582000 0.314000