0 0.364000 0.260000 0.448000 0.260000 0.448000 0.344000 0.364000 0.344000
1 0.322000 0.774000 0.268884 0.866000 0.375116 0.866000
1 0.180000 0.780000 0.110718 0.900000 0.249282 0.900000
1 0.202000 0.192000 0.111933 0.348000 0.292067 0.348000
1 0.438000 0.410000 0.354862 0.554000 0.521138 0.554000
0 0.792000 0.200000 0.844000 0.200000 0.844000 0.252000 0.792000 0.252000
0 0.582000 0.432000 0.674000 0.432000 0.674000 0.524000 0.582000 0.524000
1 0.392000 0.634000 0.311171 0.774000 0.472829 0.774000
1 0.612000 0.606000 0.503458 0.794000 0.720542 0.794000
0 0.544000 0.152000 0.668000 0.152000 0.668000 0.276000 0.544000 0.276000
1 0.768000 0.278000 0.680243 0.430000 0.855757 0.430000