0 0.400000 0.208000 0.476000 0.208000 0.476000 0.284000 0.400000 0.284000
0 0.764000 0.248000 0.848000 0.248000 0.848000 0.332000 0.764000 0.332000
1 0.704000 0.092000 0.646265 0.192000 0.761735 0.192000
1 0.296000 0.204000 0.245193 0.292000 0.346807 0.292000
1 0.268000 0.764000 0.228740 0.832000 0.307260 0.832000
1 0.774000 0.718000 0.709337 0.830000 0.838663 0.830000
1 0.544000 0.740000 0.481646 0.848000 0.606354 0.848000
0 0.340000 0.234000 0.392000 0.234000 0.392000 0.286000 0.340000 0.286000
0 0.452000 0.316000 0.524000 0.316000 0.524000 0.388000 0.452000 0.388000
1 0.154000 0.110000 0.107812 0.190000 0.200188 0.190000
0 0.774000 0.386000 0.858000 0.386000 0.858000 0.470000 0.774000 0.470000
1 0.290000 0.632000 0.257668 0.688000 0.322332 0.688000
0 0.776000 0.114000 0.836000 0.114000 0.836000 0.174000 0.776000 0.174000