1 0.454000 0.100000 0.366243 0.252000 0.541757 0.252000
1 0.270000 0.162000 0.230740 0.230000 0.309260 0.230000
0 0.294000 0.800000 0.334000 0.800000 0.334000 0.840000 0.294000 0.840000
0 0.350000 0.646000 0.498000 0.646000 0.498000 0.794000 0.350000 0.794000
1 0.786000 0.306000 0.737503 0.390000 0.834497 0.390000
1 0.232000 0.650000 0.208906 0.690000 0.255094 0.690000
0 0.154000 0.520000 0.206000 0.520000 0.206000 0.572000 0.154000 0.572000
0 0.498000 0.352000 0.698000 0.352000 0.698000 0.552000 0.498000 0.552000
0 0.316000 0.582000 0.364000 0.582000 0.364000 0.630000 0.316000 0.630000
1 0.628000 0.752000 0.565646 0.860000 0.690354 0.860000
0 0.776000 0.522000 0.816000 0.522000 0.816000 0.562000 0.776000 0.562000