1 0.172000 0.718000 0.079624 0.878000 0.264376 0.878000
1 0.690000 0.104000 0.616099 0.232000 0.763901 0.232000
1 0.852000 0.614000 0.755005 0.782000 0.948995 0.782000
1 0.462000 0.384000 0.395027 0.500000 0.528973 0.500000
0 0.756000 0.518000 0.808000 0.518000 0.808000 0.570000 0.756000 0.570000
0 0.642000 0.548000 0.726000 0.548000 0.726000 0.632000 0.642000 0.632000
1 0.292000 0.332000 0.266597 0.376000 0.317403 0.376000
1 0.532000 0.764000 0.490431 0.836000 0.573569 0.836000
1 0.640000 0.262000 0.582265 0.362000 0.697735 0.362000
1 0.526000 0.584000 0.426696 0.756000 0.625304 0.756000
1 0.378000 0.614000 0.311027 0.730000 0.444973 0.730000