1 0.308000 0.172000 0.247956 0.276000 0.368044 0.276000
0 0.414000 0.124000 0.486000 0.124000 0.486000 0.196000 0.414000 0.196000
0 0.720000 0.720000 0.776000 0.720000 0.776000 0.776000 0.720000 0.776000
1 0.656000 0.150000 0.582099 0.278000 0.729901 0.278000
0 0.584000 0.734000 0.660000 0.734000 0.660000 0.810000 0.584000 0.810000
1 0.336000 0.494000 0.264409 0.618000 0.407591 0.618000
0 0.608000 0.384000 0.764000 0.384000 0.764000 0.540000 0.608000 0.540000
0 0.446000 0.736000 0.490000 0.736000 0.490000 0.780000 0.446000 0.780000
0 0.122000 0.740000 0.246000 0.740000 0.246000 0.864000 0.122000 0.864000
1 0.852000 0.116000 0.768862 0.260000 0.935138 0.260000
1 0.650000 0.298000 0.610740 0.366000 0.689260 0.366000
1 0.482000 0.472000 0.396552 0.620000 0.567448 0.620000
0 0.416000 0.324000 0.472000 0.324000 0.472000 0.380000 0.416000 0.380000