0 0.316000 0.722000 0.372000 0.722000 0.372000 0.778000 0.316000 0.778000
0 0.296000 0.382000 0.436000 0.382000 0.436000 0.522000 0.296000 0.522000
0 0.550000 0.418000 0.666000 0.418000 0.666000 0.534000 0.550000 0.534000
1 0.828000 0.714000 0.791050 0.778000 0.864950 0.778000
0 0.136000 0.728000 0.284000 0.728000 0.284000 0.876000 0.136000 0.876000
0 0.086000 0.230000 0.242000 0.230000 0.242000 0.386000 0.086000 0.386000
1 0.428000 0.644000 0.379503 0.728000 0.476497 0.728000
0 0.538000 0.188000 0.586000 0.188000 0.586000 0.236000 0.538000 0.236000
0 0.356000 0.186000 0.416000 0.186000 0.416000 0.246000 0.356000 0.246000
1 0.706000 0.608000 0.639027 0.724000 0.772973 0.724000
1 0.688000 0.178000 0.653359 0.238000 0.722641 0.238000
0 0.740000 0.314000 0.892000 0.314000 0.892000 0.466000 0.740000 0.466000
1 0.380000 0.112000 0.345359 0.172000 0.414641 0.172000
0 0.518000 0.758000 0.686000 0.758000 0.686000 0.926000 0.518000 0.926000