1 0.210000 0.586000 0.106077 0.766000 0.313923 0.766000
1 0.178000 0.162000 0.101790 0.294000 0.254210 0.294000
1 0.388000 0.714000 0.344121 0.790000 0.431879 0.790000
1 0.616000 0.570000 0.560574 0.666000 0.671426 0.666000
1 0.476000 0.752000 0.429812 0.832000 0.522188 0.832000
0 0.722000 0.818000 0.774000 0.818000 0.774000 0.870000 0.722000 0.870000
0 0.226000 0.476000 0.302000 0.476000 0.302000 0.552000 0.226000 0.552000
1 0.706000 0.200000 0.659812 0.280000 0.752188 0.280000
0 0.114000 0.300000 0.166000 0.300000 0.166000 0.352000 0.114000 0.352000
1 0.724000 0.494000 0.680121 0.570000 0.767879 0.570000
0 0.674000 0.406000 0.738000 0.406000 0.738000 0.470000 0.674000 0.470000
0 0.416000 0.574000 0.540000 0.574000 0.540000 0.698000 0.416000 0.698000