1 0.648000 0.466000 0.597193 0.554000 0.698807 0.554000
1 0.652000 0.554000 0.585027 0.670000 0.718973 0.670000
0 0.726000 0.410000 0.886000 0.410000 0.886000 0.570000 0.726000 0.570000
1 0.208000 0.494000 0.157193 0.582000 0.258807 0.582000
1 0.776000 0.578000 0.711337 0.690000 0.840663 0.690000
1 0.392000 0.486000 0.306552 0.634000 0.477448 0.634000
1 0.516000 0.248000 0.485978 0.300000 0.546022 0.300000
1 0.408000 0.674000 0.361812 0.754000 0.454188 0.754000
0 0.522000 0.814000 0.602000 0.814000 0.602000 0.894000 0.522000 0.894000
0 0.664000 0.690000 0.768000 0.690000 0.768000 0.794000 0.664000 0.794000
1 0.700000 0.190000 0.598386 0.366000 0.801614 0.366000
1 0.830000 0.304000 0.783812 0.384000 0.876188 0.384000
1 0.306000 0.704000 0.280597 0.748000 0.331403 0.748000
0 0.250000 0.172000 0.310000 0.172000 0.310000 0.232000 0.250000 0.232000