1 0.582000 0.102000 0.468839 0.298000 0.695161 0.298000
1 0.854000 0.542000 0.823978 0.594000 0.884022 0.594000
1 0.772000 0.372000 0.739668 0.428000 0.804332 0.428000
1 0.532000 0.542000 0.495050 0.606000 0.568950 0.606000
1 0.846000 0.350000 0.809050 0.414000 0.882950 0.414000
0 0.328000 0.660000 0.372000 0.660000 0.372000 0.704000 0.328000 0.704000
1 0.218000 0.552000 0.102530 0.752000 0.333470 0.752000
0 0.466000 0.326000 0.630000 0.326000 0.630000 0.490000 0.466000 0.490000
1 0.296000 0.304000 0.180530 0.504000 0.411470 0.504000
1 0.422000 0.720000 0.352718 0.840000 0.491282 0.840000
1 0.676000 0.700000 0.588243 0.852000 0.763757 0.852000