0 0.822000 0.396000 0.866000 0.396000 0.866000 0.440000 0.822000 0.440000
1 0.414000 0.318000 0.356265 0.418000 0.471735 0.418000
0 0.694000 0.326000 0.746000 0.326000 0.746000 0.378000 0.694000 0.378000
0 0.624000 0.138000 0.784000 0.138000 0.784000 0.298000 0.624000 0.298000
1 0.412000 0.748000 0.305768 0.932000 0.518232 0.932000
1 0.850000 0.224000 0.810740 0.292000 0.889260 0.292000
0 0.078000 0.522000 0.254000 0.522000 0.254000 0.698000 0.078000 0.698000
0 0.594000 0.778000 0.738000 0.778000 0.738000 0.922000 0.594000 0.922000
1 0.522000 0.208000 0.464265 0.308000 0.579735 0.308000
0 0.280000 0.488000 0.336000 0.488000 0.336000 0.544000 0.280000 0.544000
0 0.472000 0.546000 0.596000 0.546000 0.596000 0.670000 0.472000 0.670000
0 0.820000 0.804000 0.868000 0.804000 0.868000 0.852000 0.820000 0.852000
0 0.640000 0.566000 0.784000 0.566000 0.784000 0.710000 0.640000 0.710000
1 0.848000 0.324000 0.813359 0.384000 0.882641 0.384000