1 0.238000 0.592000 0.194121 0.668000 0.281879 0.668000
0 0.764000 0.104000 0.892000 0.104000 0.892000 0.232000 0.764000 0.232000
1 0.226000 0.500000 0.184431 0.572000 0.267569 0.572000
0 0.140000 0.700000 0.196000 0.700000 0.196000 0.756000 0.140000 0.756000
0 0.246000 0.172000 0.354000 0.172000 0.354000 0.280000 0.246000 0.280000
0 0.330000 0.390000 0.450000 0.390000 0.450000 0.510000 0.330000 0.510000
1 0.748000 0.290000 0.713359 0.350000 0.782641 0.350000
0 0.776000 0.380000 0.940000 0.380000 0.940000 0.544000 0.776000 0.544000
1 0.312000 0.772000 0.245027 0.888000 0.378973 0.888000
0 0.410000 0.130000 0.534000 0.130000 0.534000 0.254000 0.410000 0.254000
0 0.476000 0.732000 0.624000 0.732000 0.624000 0.880000 0.476000 0.880000