1 0.344000 0.624000 0.283956 0.728000 0.404044 0.728000
1 0.502000 0.664000 0.428099 0.792000 0.575901 0.792000
1 0.244000 0.620000 0.213978 0.672000 0.274022 0.672000
0 0.142000 0.706000 0.218000 0.706000 0.218000 0.782000 0.142000 0.782000
0 0.460000 0.240000 0.568000 0.240000 0.568000 0.348000 0.460000 0.348000
0 0.262000 0.296000 0.354000 0.296000 0.354000 0.388000 0.262000 0.388000
0 0.440000 0.350000 0.624000 0.350000 0.624000 0.534000 0.440000 0.534000
1 0.788000 0.736000 0.684077 0.916000 0.891923 0.916000
0 0.436000 0.568000 0.516000 0.568000 0.516000 0.648000 0.436000 0.648000
0 0.566000 0.144000 0.626000 0.144000 0.626000 0.204000 0.566000 0.204000
0 0.172000 0.408000 0.364000 0.408000 0.364000 0.600000 0.172000 0.600000