0 0.364000 0.312000 0.484000 0.312000 0.484000 0.432000 0.364000 0.432000
1 0.784000 0.104000 0.728574 0.200000 0.839426 0.200000
1 0.500000 0.650000 0.460740 0.718000 0.539260 0.718000
0 0.176000 0.484000 0.284000 0.484000 0.284000 0.592000 0.176000 0.592000
0 0.564000 0.652000 0.624000 0.652000 0.624000 0.712000 0.564000 0.712000
1 0.678000 0.716000 0.654906 0.756000 0.701094 0.756000
0 0.560000 0.464000 0.636000 0.464000 0.636000 0.540000 0.560000 0.540000
1 0.680000 0.424000 0.640740 0.492000 0.719260 0.492000
1 0.332000 0.174000 0.262718 0.294000 0.401282 0.294000
1 0.844000 0.732000 0.740077 0.912000 0.947923 0.912000
0 0.838000 0.568000 0.878000 0.568000 0.878000 0.608000 0.838000 0.608000
1 0.830000 0.254000 0.737624 0.414000 0.922376 0.414000
0 0.134000 0.838000 0.178000 0.838000 0.178000 0.882000 0.134000 0.882000
0 0.492000 0.138000 0.648000 0.138000 0.648000 0.294000 0.492000 0.294000
1 0.718000 0.732000 0.694906 0.772000 0.741094 0.772000
0 0.356000 0.510000 0.464000 0.510000 0.464000 0.618000 0.356000 0.618000