0 0.140000 0.132000 0.260000 0.132000 0.260000 0.252000 0.140000 0.252000
0 0.272000 0.502000 0.328000 0.502000 0.328000 0.558000 0.272000 0.558000
0 0.832000 0.188000 0.876000 0.188000 0.876000 0.232000 0.832000 0.232000
1 0.146000 0.302000 0.035149 0.494000 0.256851 0.494000
1 0.400000 0.684000 0.328409 0.808000 0.471591 0.808000
1 0.640000 0.720000 0.584574 0.816000 0.695426 0.816000
0 0.226000 0.666000 0.294000 0.666000 0.294000 0.734000 0.226000 0.734000
0 0.128000 0.794000 0.200000 0.794000 0.200000 0.866000 0.128000 0.866000
1 0.352000 0.314000 0.252696 0.486000 0.451304 0.486000
0 0.574000 0.282000 0.746000 0.282000 0.746000 0.454000 0.574000 0.454000
0 0.508000 0.476000 0.688000 0.476000 0.688000 0.656000 0.508000 0.656000
0 0.130000 0.550000 0.242000 0.550000 0.242000 0.662000 0.130000 0.662000