0 0.170000 0.116000 0.282000 0.116000 0.282000 0.228000 0.170000 0.228000
0 0.338000 0.310000 0.394000 0.310000 0.394000 0.366000 0.338000 0.366000
0 0.256000 0.398000 0.300000 0.398000 0.300000 0.442000 0.256000 0.442000
1 0.328000 0.136000 0.288740 0.204000 0.367260 0.204000
0 0.832000 0.696000 0.888000 0.696000 0.888000 0.752000 0.832000 0.752000
0 0.336000 0.612000 0.392000 0.612000 0.392000 0.668000 0.336000 0.668000
1 0.780000 0.716000 0.722265 0.816000 0.837735 0.816000
1 0.430000 0.188000 0.374574 0.284000 0.485426 0.284000
0 0.088000 0.576000 0.284000 0.576000 0.284000 0.772000 0.088000 0.772000
0 0.504000 0.406000 0.704000 0.406000 0.704000 0.606000 0.504000 0.606000
0 0.492000 0.682000 0.640000 0.682000 0.640000 0.830000 0.492000 0.830000
0 0.782000 0.394000 0.866000 0.394000 0.866000 0.478000 0.782000 0.478000
1 0.622000 0.138000 0.529624 0.298000 0.714376 0.298000