0 0.332000 0.378000 0.404000 0.378000 0.404000 0.450000 0.332000 0.450000
0 0.642000 0.154000 0.742000 0.154000 0.742000 0.254000 0.642000 0.254000
1 0.630000 0.746000 0.537624 0.906000 0.722376 0.906000
0 0.284000 0.616000 0.340000 0.616000 0.340000 0.672000 0.284000 0.672000
0 0.672000 0.594000 0.752000 0.594000 0.752000 0.674000 0.672000 0.674000
0 0.374000 0.230000 0.474000 0.230000 0.474000 0.330000 0.374000 0.330000
1 0.562000 0.452000 0.448839 0.648000 0.675161 0.648000
0 0.714000 0.408000 0.822000 0.408000 0.822000 0.516000 0.714000 0.516000
0 0.762000 0.042000 0.958000 0.042000 0.958000 0.238000 0.762000 0.238000
1 0.656000 0.334000 0.616740 0.402000 0.695260 0.402000
1 0.860000 0.600000 0.760696 0.772000 0.959304 0.772000
1 0.330000 0.770000 0.279193 0.858000 0.380807 0.858000