0 0.236000 0.580000 0.336000 0.580000 0.336000 0.680000 0.236000 0.680000
0 0.324000 0.798000 0.400000 0.798000 0.400000 0.874000 0.324000 0.874000
1 0.604000 0.716000 0.507005 0.884000 0.700995 0.884000
0 0.604000 0.546000 0.692000 0.546000 0.692000 0.634000 0.604000 0.634000
1 0.608000 0.084000 0.517933 0.240000 0.698067 0.240000
1 0.186000 0.790000 0.105171 0.930000 0.266829 0.930000
0 0.212000 0.184000 0.380000 0.184000 0.380000 0.352000 0.212000 0.352000
0 0.546000 0.286000 0.650000 0.286000 0.650000 0.390000 0.546000 0.390000
1 0.860000 0.342000 0.806884 0.434000 0.913116 0.434000
1 0.806000 0.766000 0.697458 0.954000 0.914542 0.954000
1 0.514000 0.420000 0.456265 0.520000 0.571735 0.520000