0 0.676000 0.576000 0.756000 0.576000 0.756000 0.656000 0.676000 0.656000
0 0.136000 0.384000 0.268000 0.384000 0.268000 0.516000 0.136000 0.516000
1 0.442000 0.102000 0.361171 0.242000 0.522829 0.242000
0 0.792000 0.650000 0.916000 0.650000 0.916000 0.774000 0.792000 0.774000
0 0.620000 0.394000 0.764000 0.394000 0.764000 0.538000 0.620000 0.538000
0 0.356000 0.662000 0.504000 0.662000 0.504000 0.810000 0.356000 0.810000
0 0.406000 0.404000 0.574000 0.404000 0.574000 0.572000 0.406000 0.572000
0 0.700000 0.816000 0.784000 0.816000 0.784000 0.900000 0.700000 0.900000
0 0.814000 0.180000 0.890000 0.180000 0.890000 0.256000 0.814000 0.256000
0 0.594000 0.230000 0.738000 0.230000 0.738000 0.374000 0.594000 0.374000
0 0.770000 0.522000 0.850000 0.522000 0.850000 0.602000 0.770000 0.602000
1 0.282000 0.266000 0.235812 0.346000 0.328188 0.346000
0 0.276000 0.504000 0.364000 0.504000 0.364000 0.592000 0.276000 0.592000
1 0.328000 0.354000 0.270265 0.454000 0.385735 0.454000
0 0.158000 0.650000 0.338000 0.650000 0.338000 0.830000 0.158000 0.830000