0 0.546000 0.314000 0.586000 0.314000 0.586000 0.354000 0.546000 0.354000
1 0.696000 0.550000 0.642884 0.642000 0.749116 0.642000
1 0.450000 0.404000 0.403812 0.484000 0.496188 0.484000
0 0.370000 0.650000 0.450000 0.650000 0.450000 0.730000 0.370000 0.730000
0 0.316000 0.398000 0.396000 0.398000 0.396000 0.478000 0.316000 0.478000
0 0.198000 0.410000 0.266000 0.410000 0.266000 0.478000 0.198000 0.478000
0 0.162000 0.678000 0.266000 0.678000 0.266000 0.782000 0.162000 0.782000
1 0.804000 0.324000 0.769359 0.384000 0.838641 0.384000
0 0.656000 0.118000 0.816000 0.118000 0.816000 0.278000 0.656000 0.278000
0 0.694000 0.672000 0.874000 0.672000 0.874000 0.852000 0.694000 0.852000
0 0.606000 0.352000 0.658000 0.352000 0.658000 0.404000 0.606000 0.404000
0 0.368000 0.490000 0.408000 0.490000 0.408000 0.530000 0.368000 0.530000
0 0.582000 0.776000 0.682000 0.776000 0.682000 0.876000 0.582000 0.876000