1 0.704000 0.730000 0.625480 0.866000 0.782520 0.866000
0 0.472000 0.122000 0.556000 0.122000 0.556000 0.206000 0.472000 0.206000
0 0.088000 0.526000 0.216000 0.526000 0.216000 0.654000 0.088000 0.654000
1 0.466000 0.220000 0.359768 0.404000 0.572232 0.404000
1 0.166000 0.746000 0.142906 0.786000 0.189094 0.786000
0 0.608000 0.282000 0.704000 0.282000 0.704000 0.378000 0.608000 0.378000
1 0.282000 0.634000 0.226574 0.730000 0.337426 0.730000
0 0.488000 0.724000 0.604000 0.724000 0.604000 0.840000 0.488000 0.840000
0 0.730000 0.186000 0.818000 0.186000 0.818000 0.274000 0.730000 0.274000
1 0.682000 0.540000 0.647359 0.600000 0.716641 0.600000
1 0.566000 0.478000 0.533668 0.534000 0.598332 0.534000
0 0.200000 0.268000 0.264000 0.268000 0.264000 0.332000 0.200000 0.332000