0 0.728000 0.118000 0.852000 0.118000 0.852000 0.242000 0.728000 0.242000
1 0.556000 0.668000 0.516740 0.736000 0.595260 0.736000
0 0.502000 0.420000 0.586000 0.420000 0.586000 0.504000 0.502000 0.504000
1 0.702000 0.440000 0.609624 0.600000 0.794376 0.600000
0 0.788000 0.428000 0.856000 0.428000 0.856000 0.496000 0.788000 0.496000
0 0.338000 0.806000 0.434000 0.806000 0.434000 0.902000 0.338000 0.902000
0 0.250000 0.446000 0.354000 0.446000 0.354000 0.550000 0.250000 0.550000
0 0.140000 0.710000 0.252000 0.710000 0.252000 0.822000 0.140000 0.822000
0 0.474000 0.802000 0.522000 0.802000 0.522000 0.850000 0.474000 0.850000
1 0.700000 0.680000 0.612243 0.832000 0.787757 0.832000
0 0.168000 0.450000 0.240000 0.450000 0.240000 0.522000 0.168000 0.522000
0 0.318000 0.224000 0.510000 0.224000 0.510000 0.416000 0.318000 0.416000