1 0.826000 0.110000 0.717458 0.298000 0.934542 0.298000
1 0.856000 0.366000 0.825978 0.418000 0.886022 0.418000
0 0.242000 0.380000 0.290000 0.380000 0.290000 0.428000 0.242000 0.428000
0 0.182000 0.596000 0.222000 0.596000 0.222000 0.636000 0.182000 0.636000
1 0.682000 0.806000 0.654287 0.854000 0.709713 0.854000
1 0.670000 0.638000 0.614574 0.734000 0.725426 0.734000
1 0.692000 0.252000 0.668906 0.292000 0.715094 0.292000
1 0.308000 0.674000 0.282597 0.718000 0.333403 0.718000
1 0.452000 0.424000 0.361933 0.580000 0.542067 0.580000
1 0.472000 0.304000 0.421193 0.392000 0.522807 0.392000
0 0.478000 0.084000 0.670000 0.084000 0.670000 0.276000 0.478000 0.276000
0 0.770000 0.426000 0.858000 0.426000 0.858000 0.514000 0.770000 0.514000