0 0.422000 0.602000 0.598000 0.602000 0.598000 0.778000 0.422000 0.778000
1 0.694000 0.174000 0.663978 0.226000 0.724022 0.226000
0 0.700000 0.684000 0.820000 0.684000 0.820000 0.804000 0.700000 0.804000
1 0.324000 0.650000 0.268574 0.746000 0.379426 0.746000
0 0.298000 0.790000 0.426000 0.790000 0.426000 0.918000 0.298000 0.918000
0 0.632000 0.614000 0.672000 0.614000 0.672000 0.654000 0.632000 0.654000
0 0.072000 0.190000 0.216000 0.190000 0.216000 0.334000 0.072000 0.334000
0 0.172000 0.344000 0.228000 0.344000 0.228000 0.400000 0.172000 0.400000
1 0.214000 0.598000 0.179359 0.658000 0.248641 0.658000
0 0.482000 0.164000 0.594000 0.164000 0.594000 0.276000 0.482000 0.276000
1 0.568000 0.780000 0.528740 0.848000 0.607260 0.848000
0 0.358000 0.412000 0.530000 0.412000 0.530000 0.584000 0.358000 0.584000
1 0.724000 0.418000 0.650099 0.546000 0.797901 0.546000