1 0.358000 0.294000 0.334906 0.334000 0.381094 0.334000
0 0.394000 0.418000 0.518000 0.418000 0.518000 0.542000 0.394000 0.542000
0 0.460000 0.820000 0.524000 0.820000 0.524000 0.884000 0.460000 0.884000
1 0.166000 0.650000 0.052839 0.846000 0.279161 0.846000
0 0.754000 0.660000 0.854000 0.660000 0.854000 0.760000 0.754000 0.760000
1 0.228000 0.398000 0.181812 0.478000 0.274188 0.478000
1 0.594000 0.696000 0.522409 0.820000 0.665591 0.820000
1 0.722000 0.188000 0.678121 0.264000 0.765879 0.264000
0 0.578000 0.550000 0.646000 0.550000 0.646000 0.618000 0.578000 0.618000
1 0.834000 0.384000 0.787812 0.464000 0.880188 0.464000
1 0.326000 0.622000 0.275193 0.710000 0.376807 0.710000
1 0.154000 0.164000 0.096265 0.264000 0.211735 0.264000
1 0.586000 0.210000 0.482077 0.390000 0.689923 0.390000
1 0.762000 0.546000 0.713503 0.630000 0.810497 0.630000