1 0.144000 0.770000 0.065480 0.906000 0.222520 0.906000
0 0.646000 0.682000 0.742000 0.682000 0.742000 0.778000 0.646000 0.778000
0 0.416000 0.130000 0.472000 0.130000 0.472000 0.186000 0.416000 0.186000
1 0.528000 0.336000 0.481812 0.416000 0.574188 0.416000
0 0.494000 0.208000 0.582000 0.208000 0.582000 0.296000 0.494000 0.296000
0 0.108000 0.564000 0.184000 0.564000 0.184000 0.640000 0.108000 0.640000
0 0.260000 0.652000 0.328000 0.652000 0.328000 0.720000 0.260000 0.720000
1 0.594000 0.784000 0.552431 0.856000 0.635569 0.856000
1 0.320000 0.244000 0.236862 0.388000 0.403138 0.388000
0 0.650000 0.096000 0.822000 0.096000 0.822000 0.268000 0.650000 0.268000
0 0.680000 0.442000 0.824000 0.442000 0.824000 0.586000 0.680000 0.586000