0 0.742000 0.462000 0.934000 0.462000 0.934000 0.654000 0.742000 0.654000
0 0.338000 0.152000 0.394000 0.152000 0.394000 0.208000 0.338000 0.208000
1 0.198000 0.098000 0.087149 0.290000 0.308851 0.290000
0 0.274000 0.668000 0.454000 0.668000 0.454000 0.848000 0.274000 0.848000
1 0.378000 0.364000 0.281005 0.532000 0.474995 0.532000
0 0.688000 0.810000 0.756000 0.810000 0.756000 0.878000 0.688000 0.878000
0 0.514000 0.464000 0.590000 0.464000 0.590000 0.540000 0.514000 0.540000
1 0.686000 0.398000 0.621337 0.510000 0.750663 0.510000
0 0.626000 0.226000 0.694000 0.226000 0.694000 0.294000 0.626000 0.294000
0 0.204000 0.496000 0.268000 0.496000 0.268000 0.560000 0.204000 0.560000
1 0.666000 0.744000 0.629050 0.808000 0.702950 0.808000