0 0.538000 0.574000 0.714000 0.574000 0.714000 0.750000 0.538000 0.750000
0 0.766000 0.200000 0.902000 0.200000 0.902000 0.336000 0.766000 0.336000
1 0.236000 0.172000 0.192121 0.248000 0.279879 0.248000
0 0.294000 0.214000 0.346000 0.214000 0.346000 0.266000 0.294000 0.266000
1 0.758000 0.388000 0.725668 0.444000 0.790332 0.444000
0 0.136000 0.388000 0.296000 0.388000 0.296000 0.548000 0.136000 0.548000
0 0.134000 0.644000 0.226000 0.644000 0.226000 0.736000 0.134000 0.736000
0 0.338000 0.750000 0.482000 0.750000 0.482000 0.894000 0.338000 0.894000
1 0.676000 0.450000 0.618265 0.550000 0.733735 0.550000
0 0.400000 0.398000 0.508000 0.398000 0.508000 0.506000 0.400000 0.506000
1 0.392000 0.512000 0.285768 0.696000 0.498232 0.696000