0 0.118000 0.406000 0.314000 0.406000 0.314000 0.602000 0.118000 0.602000
0 0.382000 0.326000 0.422000 0.326000 0.422000 0.366000 0.382000 0.366000
1 0.528000 0.272000 0.497978 0.324000 0.558022 0.324000
0 0.258000 0.642000 0.382000 0.642000 0.382000 0.766000 0.258000 0.766000
0 0.484000 0.562000 0.532000 0.562000 0.532000 0.610000 0.484000 0.610000
0 0.364000 0.146000 0.480000 0.146000 0.480000 0.262000 0.364000 0.262000
1 0.574000 0.762000 0.486243 0.914000 0.661757 0.914000
1 0.500000 0.612000 0.444574 0.708000 0.555426 0.708000
1 0.262000 0.108000 0.174243 0.260000 0.349757 0.260000
0 0.650000 0.706000 0.762000 0.706000 0.762000 0.818000 0.650000 0.818000
0 0.664000 0.556000 0.716000 0.556000 0.716000 0.608000 0.664000 0.608000
1 0.708000 0.174000 0.599458 0.362000 0.816542 0.362000