1 0.306000 0.602000 0.259812 0.682000 0.352188 0.682000
0 0.280000 0.480000 0.360000 0.480000 0.360000 0.560000 0.280000 0.560000
1 0.148000 0.334000 0.104121 0.410000 0.191879 0.410000
0 0.430000 0.150000 0.602000 0.150000 0.602000 0.322000 0.430000 0.322000
0 0.124000 0.466000 0.244000 0.466000 0.244000 0.586000 0.124000 0.586000
0 0.538000 0.340000 0.734000 0.340000 0.734000 0.536000 0.538000 0.536000
0 0.388000 0.740000 0.512000 0.740000 0.512000 0.864000 0.388000 0.864000
0 0.714000 0.126000 0.802000 0.126000 0.802000 0.214000 0.714000 0.214000
0 0.806000 0.484000 0.902000 0.484000 0.902000 0.580000 0.806000 0.580000
1 0.200000 0.696000 0.146884 0.788000 0.253116 0.788000
1 0.660000 0.612000 0.546839 0.808000 0.773161 0.808000