0 0.484000 0.686000 0.580000 0.686000 0.580000 0.782000 0.484000 0.782000
0 0.756000 0.390000 0.872000 0.390000 0.872000 0.506000 0.756000 0.506000
1 0.504000 0.792000 0.443956 0.896000 0.564044 0.896000
1 0.152000 0.698000 0.085027 0.814000 0.218973 0.814000
0 0.108000 0.144000 0.204000 0.144000 0.204000 0.240000 0.108000 0.240000
1 0.418000 0.320000 0.390287 0.368000 0.445713 0.368000
1 0.190000 0.398000 0.143812 0.478000 0.236188 0.478000
0 0.702000 0.528000 0.798000 0.528000 0.798000 0.624000 0.702000 0.624000
1 0.344000 0.192000 0.297812 0.272000 0.390188 0.272000
0 0.718000 0.172000 0.762000 0.172000 0.762000 0.216000 0.718000 0.216000
0 0.378000 0.428000 0.502000 0.428000 0.502000 0.552000 0.378000 0.552000