0 0.282000 0.522000 0.326000 0.522000 0.326000 0.566000 0.282000 0.566000
0 0.112000 0.302000 0.176000 0.302000 0.176000 0.366000 0.112000 0.366000
1 0.786000 0.512000 0.762906 0.552000 0.809094 0.552000
0 0.380000 0.812000 0.456000 0.812000 0.456000 0.888000 0.380000 0.888000
1 0.298000 0.676000 0.240265 0.776000 0.355735 0.776000
0 0.072000 0.522000 0.224000 0.522000 0.224000 0.674000 0.072000 0.674000
0 0.626000 0.104000 0.734000 0.104000 0.734000 0.212000 0.626000 0.212000
0 0.740000 0.352000 0.860000 0.352000 0.860000 0.472000 0.740000 0.472000
1 0.770000 0.610000 0.686862 0.754000 0.853138 0.754000
0 0.078000 0.100000 0.218000 0.100000 0.218000 0.240000 0.078000 0.240000
1 0.600000 0.334000 0.544574 0.430000 0.655426 0.430000
1 0.644000 0.802000 0.597812 0.882000 0.690188 0.882000
1 0.502000 0.648000 0.441956 0.752000 0.562044 0.752000