0 0.810000 0.264000 0.858000 0.264000 0.858000 0.312000 0.810000 0.312000
1 0.626000 0.532000 0.568265 0.632000 0.683735 0.632000
1 0.800000 0.732000 0.698386 0.908000 0.901614 0.908000
1 0.666000 0.094000 0.589790 0.226000 0.742210 0.226000
1 0.216000 0.112000 0.183668 0.168000 0.248332 0.168000
1 0.676000 0.350000 0.599790 0.482000 0.752210 0.482000
0 0.164000 0.502000 0.304000 0.502000 0.304000 0.642000 0.164000 0.642000
0 0.744000 0.504000 0.852000 0.504000 0.852000 0.612000 0.744000 0.612000
0 0.160000 0.364000 0.228000 0.364000 0.228000 0.432000 0.160000 0.432000
0 0.790000 0.114000 0.894000 0.114000 0.894000 0.218000 0.790000 0.218000
1 0.398000 0.700000 0.358740 0.768000 0.437260 0.768000
0 0.286000 0.250000 0.458000 0.250000 0.458000 0.422000 0.286000 0.422000