0 0.710000 0.330000 0.882000 0.330000 0.882000 0.502000 0.710000 0.502000
0 0.308000 0.706000 0.464000 0.706000 0.464000 0.862000 0.308000 0.862000
1 0.712000 0.740000 0.665812 0.820000 0.758188 0.820000
0 0.168000 0.740000 0.264000 0.740000 0.264000 0.836000 0.168000 0.836000
1 0.412000 0.486000 0.312696 0.658000 0.511304 0.658000
0 0.808000 0.252000 0.884000 0.252000 0.884000 0.328000 0.808000 0.328000
1 0.240000 0.432000 0.156862 0.576000 0.323138 0.576000
0 0.616000 0.234000 0.704000 0.234000 0.704000 0.322000 0.616000 0.322000
0 0.694000 0.564000 0.858000 0.564000 0.858000 0.728000 0.694000 0.728000
1 0.506000 0.268000 0.475978 0.320000 0.536022 0.320000
0 0.094000 0.136000 0.294000 0.136000 0.294000 0.336000 0.094000 0.336000