1 0.336000 0.784000 0.310597 0.828000 0.361403 0.828000
1 0.316000 0.558000 0.279050 0.622000 0.352950 0.622000
1 0.468000 0.508000 0.405646 0.616000 0.530354 0.616000
0 0.666000 0.360000 0.754000 0.360000 0.754000 0.448000 0.666000 0.448000
1 0.742000 0.748000 0.693503 0.832000 0.790497 0.832000
0 0.074000 0.080000 0.210000 0.080000 0.210000 0.216000 0.074000 0.216000
1 0.462000 0.626000 0.413503 0.710000 0.510497 0.710000
1 0.408000 0.286000 0.373359 0.346000 0.442641 0.346000
0 0.232000 0.184000 0.364000 0.184000 0.364000 0.316000 0.232000 0.316000
0 0.492000 0.208000 0.648000 0.208000 0.648000 0.364000 0.492000 0.364000
0 0.248000 0.404000 0.304000 0.404000 0.304000 0.460000 0.248000 0.460000
1 0.186000 0.586000 0.077458 0.774000 0.294542 0.774000