0 0.126000 0.134000 0.290000 0.134000 0.290000 0.298000 0.126000 0.298000
0 0.740000 0.528000 0.816000 0.528000 0.816000 0.604000 0.740000 0.604000
1 0.760000 0.202000 0.709193 0.290000 0.810807 0.290000
1 0.150000 0.650000 0.071480 0.786000 0.228520 0.786000
1 0.656000 0.302000 0.602884 0.394000 0.709116 0.394000
1 0.264000 0.360000 0.236287 0.408000 0.291713 0.408000
1 0.774000 0.408000 0.704718 0.528000 0.843282 0.528000
1 0.400000 0.770000 0.363050 0.834000 0.436950 0.834000
0 0.652000 0.740000 0.696000 0.740000 0.696000 0.784000 0.652000 0.784000
1 0.176000 0.302000 0.139050 0.366000 0.212950 0.366000
0 0.548000 0.426000 0.692000 0.426000 0.692000 0.570000 0.548000 0.570000
1 0.226000 0.446000 0.189050 0.510000 0.262950 0.510000