0 0.648000 0.284000 0.692000 0.284000 0.692000 0.328000 0.648000 0.328000
1 0.178000 0.490000 0.138740 0.558000 0.217260 0.558000
1 0.144000 0.766000 0.067790 0.898000 0.220210 0.898000
1 0.274000 0.634000 0.209337 0.746000 0.338663 0.746000
0 0.168000 0.226000 0.260000 0.226000 0.260000 0.318000 0.168000 0.318000
0 0.422000 0.080000 0.606000 0.080000 0.606000 0.264000 0.422000 0.264000
0 0.686000 0.134000 0.790000 0.134000 0.790000 0.238000 0.686000 0.238000
1 0.414000 0.706000 0.347027 0.822000 0.480973 0.822000
1 0.318000 0.340000 0.218696 0.512000 0.417304 0.512000
1 0.516000 0.802000 0.488287 0.850000 0.543713 0.850000
0 0.828000 0.792000 0.888000 0.792000 0.888000 0.852000 0.828000 0.852000
0 0.550000 0.574000 0.678000 0.574000 0.678000 0.702000 0.550000 0.702000
0 0.440000 0.278000 0.548000 0.278000 0.548000 0.386000 0.440000 0.386000
0 0.702000 0.376000 0.826000 0.376000 0.826000 0.500000 0.702000 0.500000