0 0.086000 0.244000 0.222000 0.244000 0.222000 0.380000 0.086000 0.380000
0 0.182000 0.416000 0.342000 0.416000 0.342000 0.576000 0.182000 0.576000
0 0.650000 0.752000 0.738000 0.752000 0.738000 0.840000 0.650000 0.840000
1 0.536000 0.712000 0.425149 0.904000 0.646851 0.904000
0 0.748000 0.078000 0.908000 0.078000 0.908000 0.238000 0.748000 0.238000
1 0.466000 0.144000 0.401337 0.256000 0.530663 0.256000
1 0.164000 0.590000 0.106265 0.690000 0.221735 0.690000
0 0.600000 0.128000 0.672000 0.128000 0.672000 0.200000 0.600000 0.200000
1 0.616000 0.550000 0.532862 0.694000 0.699138 0.694000
0 0.814000 0.720000 0.870000 0.720000 0.870000 0.776000 0.814000 0.776000
0 0.246000 0.718000 0.370000 0.718000 0.370000 0.842000 0.246000 0.842000
1 0.442000 0.384000 0.342696 0.556000 0.541304 0.556000