1 0.640000 0.122000 0.614597 0.166000 0.665403 0.166000
1 0.200000 0.762000 0.160740 0.830000 0.239260 0.830000
1 0.450000 0.144000 0.426906 0.184000 0.473094 0.184000
0 0.270000 0.570000 0.458000 0.570000 0.458000 0.758000 0.270000 0.758000
1 0.624000 0.808000 0.580121 0.884000 0.667879 0.884000
0 0.180000 0.134000 0.356000 0.134000 0.356000 0.310000 0.180000 0.310000
1 0.558000 0.258000 0.461005 0.426000 0.654995 0.426000
0 0.558000 0.542000 0.722000 0.542000 0.722000 0.706000 0.558000 0.706000
1 0.858000 0.510000 0.811812 0.590000 0.904188 0.590000
0 0.742000 0.692000 0.802000 0.692000 0.802000 0.752000 0.742000 0.752000
0 0.146000 0.658000 0.242000 0.658000 0.242000 0.754000 0.146000 0.754000