0 0.532000 0.296000 0.624000 0.296000 0.624000 0.388000 0.532000 0.388000
0 0.334000 0.684000 0.382000 0.684000 0.382000 0.732000 0.334000 0.732000
1 0.410000 0.302000 0.382287 0.350000 0.437713 0.350000
0 0.394000 0.460000 0.522000 0.460000 0.522000 0.588000 0.394000 0.588000
1 0.160000 0.318000 0.083790 0.450000 0.236210 0.450000
1 0.694000 0.770000 0.615480 0.906000 0.772520 0.906000
0 0.084000 0.738000 0.268000 0.738000 0.268000 0.922000 0.084000 0.922000
0 0.330000 0.424000 0.386000 0.424000 0.386000 0.480000 0.330000 0.480000
1 0.730000 0.336000 0.676884 0.428000 0.783116 0.428000
0 0.478000 0.630000 0.594000 0.630000 0.594000 0.746000 0.478000 0.746000
1 0.686000 0.610000 0.600552 0.758000 0.771448 0.758000