0 0.614000 0.616000 0.654000 0.616000 0.654000 0.656000 0.614000 0.656000
1 0.686000 0.418000 0.662906 0.458000 0.709094 0.458000
0 0.760000 0.230000 0.824000 0.230000 0.824000 0.294000 0.760000 0.294000
0 0.332000 0.724000 0.524000 0.724000 0.524000 0.916000 0.332000 0.916000
1 0.264000 0.490000 0.238597 0.534000 0.289403 0.534000
0 0.604000 0.720000 0.712000 0.720000 0.712000 0.828000 0.604000 0.828000
1 0.518000 0.496000 0.425624 0.656000 0.610376 0.656000
1 0.208000 0.172000 0.124862 0.316000 0.291138 0.316000
1 0.146000 0.376000 0.037458 0.564000 0.254542 0.564000
1 0.168000 0.610000 0.101027 0.726000 0.234973 0.726000
1 0.452000 0.318000 0.357315 0.482000 0.546685 0.482000
0 0.144000 0.750000 0.320000 0.750000 0.320000 0.926000 0.144000 0.926000