0 0.158000 0.412000 0.274000 0.412000 0.274000 0.528000 0.158000 0.528000
0 0.176000 0.278000 0.252000 0.278000 0.252000 0.354000 0.176000 0.354000
1 0.430000 0.790000 0.406906 0.830000 0.453094 0.830000
0 0.490000 0.756000 0.646000 0.756000 0.646000 0.912000 0.490000 0.912000
0 0.416000 0.564000 0.480000 0.564000 0.480000 0.628000 0.416000 0.628000
0 0.776000 0.804000 0.824000 0.804000 0.824000 0.852000 0.776000 0.852000
1 0.310000 0.760000 0.261503 0.844000 0.358497 0.844000
1 0.332000 0.376000 0.269646 0.484000 0.394354 0.484000
0 0.818000 0.440000 0.866000 0.440000 0.866000 0.488000 0.818000 0.488000
1 0.484000 0.386000 0.437812 0.466000 0.530188 0.466000
0 0.804000 0.264000 0.876000 0.264000 0.876000 0.336000 0.804000 0.336000
1 0.160000 0.662000 0.132287 0.710000 0.187713 0.710000
1 0.218000 0.188000 0.171812 0.268000 0.264188 0.268000
0 0.540000 0.148000 0.728000 0.148000 0.728000 0.336000 0.540000 0.336000