1 0.470000 0.588000 0.444597 0.632000 0.495403 0.632000
0 0.360000 0.072000 0.536000 0.072000 0.536000 0.248000 0.360000 0.248000
1 0.754000 0.432000 0.730906 0.472000 0.777094 0.472000
1 0.308000 0.682000 0.252574 0.778000 0.363426 0.778000
1 0.836000 0.262000 0.750552 0.410000 0.921448 0.410000
1 0.194000 0.506000 0.099315 0.670000 0.288685 0.670000
1 0.638000 0.638000 0.607978 0.690000 0.668022 0.690000
1 0.232000 0.256000 0.165027 0.372000 0.298973 0.372000
1 0.786000 0.736000 0.721337 0.848000 0.850663 0.848000
0 0.416000 0.392000 0.584000 0.392000 0.584000 0.560000 0.416000 0.560000
0 0.780000 0.448000 0.928000 0.448000 0.928000 0.596000 0.780000 0.596000