0 0.560000 0.170000 0.728000 0.170000 0.728000 0.338000 0.560000 0.338000
0 0.752000 0.164000 0.916000 0.164000 0.916000 0.328000 0.752000 0.328000
1 0.260000 0.306000 0.229978 0.358000 0.290022 0.358000
1 0.422000 0.110000 0.382740 0.178000 0.461260 0.178000
1 0.426000 0.456000 0.400597 0.500000 0.451403 0.500000
1 0.310000 0.308000 0.284597 0.352000 0.335403 0.352000
0 0.318000 0.736000 0.514000 0.736000 0.514000 0.932000 0.318000 0.932000
1 0.388000 0.648000 0.362597 0.692000 0.413403 0.692000
1 0.718000 0.688000 0.609458 0.876000 0.826542 0.876000
0 0.380000 0.244000 0.524000 0.244000 0.524000 0.388000 0.380000 0.388000
1 0.284000 0.124000 0.187005 0.292000 0.380995 0.292000
1 0.764000 0.362000 0.648530 0.562000 0.879470 0.562000