0 0.078000 0.732000 0.230000 0.732000 0.230000 0.884000 0.078000 0.884000
1 0.188000 0.354000 0.160287 0.402000 0.215713 0.402000
0 0.368000 0.178000 0.476000 0.178000 0.476000 0.286000 0.368000 0.286000
1 0.860000 0.834000 0.832287 0.882000 0.887713 0.882000
0 0.570000 0.062000 0.758000 0.062000 0.758000 0.250000 0.570000 0.250000
0 0.774000 0.380000 0.934000 0.380000 0.934000 0.540000 0.774000 0.540000
0 0.446000 0.726000 0.602000 0.726000 0.602000 0.882000 0.446000 0.882000
0 0.248000 0.374000 0.300000 0.374000 0.300000 0.426000 0.248000 0.426000
0 0.234000 0.602000 0.418000 0.602000 0.418000 0.786000 0.234000 0.786000
1 0.482000 0.634000 0.440431 0.706000 0.523569 0.706000
0 0.772000 0.222000 0.892000 0.222000 0.892000 0.342000 0.772000 0.342000
0 0.416000 0.322000 0.532000 0.322000 0.532000 0.438000 0.416000 0.438000