1 0.472000 0.246000 0.437359 0.306000 0.506641 0.306000
0 0.490000 0.182000 0.534000 0.182000 0.534000 0.226000 0.490000 0.226000
1 0.690000 0.124000 0.641503 0.208000 0.738497 0.208000
1 0.230000 0.758000 0.139933 0.914000 0.320067 0.914000
0 0.620000 0.214000 0.744000 0.214000 0.744000 0.338000 0.620000 0.338000
1 0.240000 0.408000 0.124530 0.608000 0.355470 0.608000
0 0.610000 0.578000 0.734000 0.578000 0.734000 0.702000 0.610000 0.702000
1 0.304000 0.126000 0.216243 0.278000 0.391757 0.278000
1 0.678000 0.750000 0.622574 0.846000 0.733426 0.846000
1 0.468000 0.366000 0.428740 0.434000 0.507260 0.434000
0 0.406000 0.534000 0.510000 0.534000 0.510000 0.638000 0.406000 0.638000