0 0.530000 0.740000 0.722000 0.740000 0.722000 0.932000 0.530000 0.932000
1 0.824000 0.332000 0.759337 0.444000 0.888663 0.444000
0 0.056000 0.460000 0.224000 0.460000 0.224000 0.628000 0.056000 0.628000
0 0.516000 0.142000 0.604000 0.142000 0.604000 0.230000 0.516000 0.230000
0 0.156000 0.110000 0.316000 0.110000 0.316000 0.270000 0.156000 0.270000
0 0.232000 0.728000 0.340000 0.728000 0.340000 0.836000 0.232000 0.836000
0 0.592000 0.248000 0.764000 0.248000 0.764000 0.420000 0.592000 0.420000
0 0.722000 0.720000 0.778000 0.720000 0.778000 0.776000 0.722000 0.776000
0 0.284000 0.444000 0.396000 0.444000 0.396000 0.556000 0.284000 0.556000
1 0.696000 0.496000 0.608243 0.648000 0.783757 0.648000
0 0.336000 0.130000 0.392000 0.130000 0.392000 0.186000 0.336000 0.186000