0 0.140000 0.416000 0.312000 0.416000 0.312000 0.588000 0.140000 0.588000
1 0.206000 0.196000 0.162121 0.272000 0.249879 0.272000
1 0.850000 0.364000 0.755315 0.528000 0.944685 0.528000
1 0.476000 0.192000 0.404409 0.316000 0.547591 0.316000
1 0.724000 0.326000 0.689359 0.386000 0.758641 0.386000
0 0.276000 0.678000 0.392000 0.678000 0.392000 0.794000 0.276000 0.794000
0 0.084000 0.634000 0.256000 0.634000 0.256000 0.806000 0.084000 0.806000
1 0.802000 0.164000 0.746574 0.260000 0.857426 0.260000
1 0.630000 0.524000 0.593050 0.588000 0.666950 0.588000
0 0.488000 0.410000 0.592000 0.410000 0.592000 0.514000 0.488000 0.514000
0 0.582000 0.214000 0.638000 0.214000 0.638000 0.270000 0.582000 0.270000
0 0.592000 0.786000 0.732000 0.786000 0.732000 0.926000 0.592000 0.926000