0 0.112000 0.794000 0.180000 0.794000 0.180000 0.862000 0.112000 0.862000
0 0.654000 0.130000 0.714000 0.130000 0.714000 0.190000 0.654000 0.190000
1 0.490000 0.596000 0.450740 0.664000 0.529260 0.664000
1 0.646000 0.522000 0.606740 0.590000 0.685260 0.590000
0 0.758000 0.180000 0.898000 0.180000 0.898000 0.320000 0.758000 0.320000
1 0.498000 0.310000 0.437956 0.414000 0.558044 0.414000
0 0.128000 0.604000 0.240000 0.604000 0.240000 0.716000 0.128000 0.716000
1 0.630000 0.618000 0.539933 0.774000 0.720067 0.774000
0 0.254000 0.762000 0.362000 0.762000 0.362000 0.870000 0.254000 0.870000
1 0.200000 0.326000 0.093768 0.510000 0.306232 0.510000
1 0.356000 0.612000 0.307503 0.696000 0.404497 0.696000