0 0.522000 0.216000 0.650000 0.216000 0.650000 0.344000 0.522000 0.344000
0 0.202000 0.272000 0.298000 0.272000 0.298000 0.368000 0.202000 0.368000
1 0.158000 0.472000 0.107193 0.560000 0.208807 0.560000
0 0.434000 0.214000 0.498000 0.214000 0.498000 0.278000 0.434000 0.278000
1 0.592000 0.540000 0.531956 0.644000 0.652044 0.644000
1 0.270000 0.560000 0.242287 0.608000 0.297713 0.608000
0 0.640000 0.352000 0.788000 0.352000 0.788000 0.500000 0.640000 0.500000
1 0.620000 0.740000 0.504530 0.940000 0.735470 0.940000
0 0.434000 0.326000 0.474000 0.326000 0.474000 0.366000 0.434000 0.366000
1 0.596000 0.406000 0.568287 0.454000 0.623713 0.454000
1 0.842000 0.598000 0.788884 0.690000 0.895116 0.690000
1 0.802000 0.534000 0.769668 0.590000 0.834332 0.590000
1 0.304000 0.684000 0.204696 0.856000 0.403304 0.856000
1 0.686000 0.554000 0.651359 0.614000 0.720641 0.614000