1 0.810000 0.308000 0.773050 0.372000 0.846950 0.372000
1 0.476000 0.204000 0.448287 0.252000 0.503713 0.252000
0 0.722000 0.276000 0.774000 0.276000 0.774000 0.328000 0.722000 0.328000
1 0.624000 0.542000 0.584740 0.610000 0.663260 0.610000
1 0.398000 0.302000 0.324099 0.430000 0.471901 0.430000
1 0.316000 0.164000 0.283668 0.220000 0.348332 0.220000
0 0.390000 0.810000 0.430000 0.810000 0.430000 0.850000 0.390000 0.850000
1 0.532000 0.620000 0.485812 0.700000 0.578188 0.700000
1 0.592000 0.360000 0.495005 0.528000 0.688995 0.528000
0 0.150000 0.774000 0.286000 0.774000 0.286000 0.910000 0.150000 0.910000
0 0.368000 0.570000 0.476000 0.570000 0.476000 0.678000 0.368000 0.678000
1 0.826000 0.460000 0.756718 0.580000 0.895282 0.580000
1 0.194000 0.136000 0.145503 0.220000 0.242497 0.220000
0 0.152000 0.280000 0.316000 0.280000 0.316000 0.444000 0.152000 0.444000