1 0.642000 0.342000 0.581956 0.446000 0.702044 0.446000
0 0.566000 0.548000 0.614000 0.548000 0.614000 0.596000 0.566000 0.596000
1 0.688000 0.740000 0.625646 0.848000 0.750354 0.848000
0 0.302000 0.540000 0.382000 0.540000 0.382000 0.620000 0.302000 0.620000
0 0.438000 0.200000 0.574000 0.200000 0.574000 0.336000 0.438000 0.336000
1 0.368000 0.688000 0.277933 0.844000 0.458067 0.844000
0 0.500000 0.742000 0.632000 0.742000 0.632000 0.874000 0.500000 0.874000
1 0.168000 0.736000 0.064077 0.916000 0.271923 0.916000
0 0.096000 0.150000 0.252000 0.150000 0.252000 0.306000 0.096000 0.306000
0 0.252000 0.224000 0.344000 0.224000 0.344000 0.316000 0.252000 0.316000
0 0.766000 0.102000 0.954000 0.102000 0.954000 0.290000 0.766000 0.290000
1 0.344000 0.366000 0.251624 0.526000 0.436376 0.526000
1 0.830000 0.344000 0.788431 0.416000 0.871569 0.416000