1 0.158000 0.578000 0.118740 0.646000 0.197260 0.646000
0 0.458000 0.750000 0.518000 0.750000 0.518000 0.810000 0.458000 0.810000
0 0.642000 0.728000 0.738000 0.728000 0.738000 0.824000 0.642000 0.824000
1 0.588000 0.062000 0.477149 0.254000 0.698851 0.254000
1 0.584000 0.570000 0.500862 0.714000 0.667138 0.714000
0 0.318000 0.660000 0.458000 0.660000 0.458000 0.800000 0.318000 0.800000
0 0.578000 0.788000 0.622000 0.788000 0.622000 0.832000 0.578000 0.832000
1 0.200000 0.392000 0.112243 0.544000 0.287757 0.544000
1 0.522000 0.264000 0.415768 0.448000 0.628232 0.448000
0 0.284000 0.458000 0.388000 0.458000 0.388000 0.562000 0.284000 0.562000
0 0.348000 0.144000 0.428000 0.144000 0.428000 0.224000 0.348000 0.224000