1 0.540000 0.658000 0.509978 0.710000 0.570022 0.710000
0 0.164000 0.540000 0.212000 0.540000 0.212000 0.588000 0.164000 0.588000
1 0.842000 0.448000 0.807359 0.508000 0.876641 0.508000
1 0.748000 0.472000 0.711050 0.536000 0.784950 0.536000
1 0.538000 0.488000 0.482574 0.584000 0.593426 0.584000
0 0.192000 0.590000 0.296000 0.590000 0.296000 0.694000 0.192000 0.694000
0 0.720000 0.672000 0.772000 0.672000 0.772000 0.724000 0.720000 0.724000
0 0.154000 0.412000 0.214000 0.412000 0.214000 0.472000 0.154000 0.472000
0 0.554000 0.782000 0.638000 0.782000 0.638000 0.866000 0.554000 0.866000
1 0.372000 0.360000 0.272696 0.532000 0.471304 0.532000
1 0.246000 0.700000 0.137458 0.888000 0.354542 0.888000