1 0.202000 0.456000 0.141956 0.560000 0.262044 0.560000
1 0.606000 0.562000 0.575978 0.614000 0.636022 0.614000
0 0.274000 0.404000 0.366000 0.404000 0.366000 0.496000 0.274000 0.496000
0 0.790000 0.580000 0.894000 0.580000 0.894000 0.684000 0.790000 0.684000
0 0.296000 0.620000 0.428000 0.620000 0.428000 0.752000 0.296000 0.752000
0 0.384000 0.566000 0.424000 0.566000 0.424000 0.606000 0.384000 0.606000
1 0.244000 0.762000 0.149315 0.926000 0.338685 0.926000
1 0.206000 0.108000 0.152884 0.200000 0.259116 0.200000
1 0.512000 0.146000 0.398839 0.342000 0.625161 0.342000
1 0.512000 0.412000 0.454265 0.512000 0.569735 0.512000
1 0.742000 0.234000 0.656552 0.382000 0.827448 0.382000
0 0.684000 0.740000 0.760000 0.740000 0.760000 0.816000 0.684000 0.816000
1 0.766000 0.088000 0.703646 0.196000 0.828354 0.196000