0 0.794000 0.570000 0.858000 0.570000 0.858000 0.634000 0.794000 0.634000
0 0.528000 0.466000 0.640000 0.466000 0.640000 0.578000 0.528000 0.578000
1 0.446000 0.690000 0.420597 0.734000 0.471403 0.734000
0 0.498000 0.676000 0.558000 0.676000 0.558000 0.736000 0.498000 0.736000
1 0.282000 0.238000 0.254287 0.286000 0.309713 0.286000
1 0.374000 0.198000 0.341668 0.254000 0.406332 0.254000
0 0.106000 0.684000 0.194000 0.684000 0.194000 0.772000 0.106000 0.772000
0 0.422000 0.542000 0.526000 0.542000 0.526000 0.646000 0.422000 0.646000
1 0.580000 0.760000 0.533812 0.840000 0.626188 0.840000
1 0.856000 0.728000 0.765933 0.884000 0.946067 0.884000
0 0.130000 0.346000 0.170000 0.346000 0.170000 0.386000 0.130000 0.386000
0 0.592000 0.158000 0.724000 0.158000 0.724000 0.290000 0.592000 0.290000
1 0.180000 0.452000 0.103790 0.584000 0.256210 0.584000
0 0.560000 0.588000 0.684000 0.588000 0.684000 0.712000 0.560000 0.712000