1 0.218000 0.674000 0.127933 0.830000 0.308067 0.830000
0 0.798000 0.770000 0.862000 0.770000 0.862000 0.834000 0.798000 0.834000
0 0.560000 0.536000 0.692000 0.536000 0.692000 0.668000 0.560000 0.668000
0 0.574000 0.444000 0.662000 0.444000 0.662000 0.532000 0.574000 0.532000
1 0.336000 0.314000 0.312906 0.354000 0.359094 0.354000
1 0.636000 0.052000 0.525149 0.244000 0.746851 0.244000
0 0.200000 0.198000 0.292000 0.198000 0.292000 0.290000 0.200000 0.290000
1 0.258000 0.602000 0.234906 0.642000 0.281094 0.642000
0 0.160000 0.472000 0.216000 0.472000 0.216000 0.528000 0.160000 0.528000
1 0.316000 0.368000 0.214386 0.544000 0.417614 0.544000
1 0.632000 0.308000 0.565027 0.424000 0.698973 0.424000