1 0.274000 0.098000 0.207027 0.214000 0.340973 0.214000
1 0.736000 0.254000 0.669027 0.370000 0.802973 0.370000
1 0.286000 0.450000 0.235193 0.538000 0.336807 0.538000
1 0.844000 0.692000 0.790884 0.784000 0.897116 0.784000
0 0.136000 0.354000 0.192000 0.354000 0.192000 0.410000 0.136000 0.410000
1 0.266000 0.602000 0.171315 0.766000 0.360685 0.766000
0 0.394000 0.604000 0.494000 0.604000 0.494000 0.704000 0.394000 0.704000
1 0.334000 0.228000 0.246243 0.380000 0.421757 0.380000
1 0.436000 0.428000 0.378265 0.528000 0.493735 0.528000
0 0.650000 0.408000 0.766000 0.408000 0.766000 0.524000 0.650000 0.524000
0 0.462000 0.138000 0.522000 0.138000 0.522000 0.198000 0.462000 0.198000
1 0.686000 0.728000 0.623646 0.836000 0.748354 0.836000