1 0.268000 0.324000 0.161768 0.508000 0.374232 0.508000
1 0.754000 0.366000 0.717050 0.430000 0.790950 0.430000
1 0.718000 0.216000 0.657956 0.320000 0.778044 0.320000
0 0.276000 0.134000 0.448000 0.134000 0.448000 0.306000 0.276000 0.306000
1 0.276000 0.690000 0.174386 0.866000 0.377614 0.866000
0 0.672000 0.350000 0.716000 0.350000 0.716000 0.394000 0.672000 0.394000
1 0.826000 0.728000 0.761337 0.840000 0.890663 0.840000
1 0.422000 0.458000 0.368884 0.550000 0.475116 0.550000
1 0.216000 0.184000 0.188287 0.232000 0.243713 0.232000
1 0.850000 0.402000 0.792265 0.502000 0.907735 0.502000
1 0.538000 0.596000 0.496431 0.668000 0.579569 0.668000
0 0.374000 0.640000 0.430000 0.640000 0.430000 0.696000 0.374000 0.696000