1 0.796000 0.374000 0.752121 0.450000 0.839879 0.450000
1 0.848000 0.814000 0.811050 0.878000 0.884950 0.878000
1 0.460000 0.418000 0.418431 0.490000 0.501569 0.490000
0 0.742000 0.510000 0.862000 0.510000 0.862000 0.630000 0.742000 0.630000
0 0.368000 0.742000 0.432000 0.742000 0.432000 0.806000 0.368000 0.806000
1 0.212000 0.180000 0.181978 0.232000 0.242022 0.232000
0 0.574000 0.678000 0.774000 0.678000 0.774000 0.878000 0.574000 0.878000
1 0.428000 0.340000 0.386431 0.412000 0.469569 0.412000
1 0.482000 0.618000 0.419646 0.726000 0.544354 0.726000
0 0.524000 0.378000 0.620000 0.378000 0.620000 0.474000 0.524000 0.474000
0 0.198000 0.530000 0.246000 0.530000 0.246000 0.578000 0.198000 0.578000