1 0.532000 0.502000 0.460409 0.626000 0.603591 0.626000
0 0.680000 0.548000 0.764000 0.548000 0.764000 0.632000 0.680000 0.632000
1 0.770000 0.644000 0.744597 0.688000 0.795403 0.688000
1 0.818000 0.716000 0.764884 0.808000 0.871116 0.808000
0 0.590000 0.108000 0.726000 0.108000 0.726000 0.244000 0.590000 0.244000
0 0.142000 0.612000 0.206000 0.612000 0.206000 0.676000 0.142000 0.676000
1 0.514000 0.806000 0.472431 0.878000 0.555569 0.878000
1 0.246000 0.370000 0.185956 0.474000 0.306044 0.474000
0 0.100000 0.192000 0.252000 0.192000 0.252000 0.344000 0.100000 0.344000
1 0.836000 0.190000 0.736696 0.362000 0.935304 0.362000
0 0.372000 0.608000 0.420000 0.608000 0.420000 0.656000 0.372000 0.656000
0 0.398000 0.288000 0.502000 0.288000 0.502000 0.392000 0.398000 0.392000