1 0.648000 0.642000 0.615668 0.698000 0.680332 0.698000
1 0.594000 0.492000 0.550121 0.568000 0.637879 0.568000
1 0.782000 0.094000 0.687315 0.258000 0.876685 0.258000
0 0.396000 0.404000 0.448000 0.404000 0.448000 0.456000 0.396000 0.456000
1 0.274000 0.396000 0.234740 0.464000 0.313260 0.464000
0 0.606000 0.264000 0.678000 0.264000 0.678000 0.336000 0.606000 0.336000
0 0.418000 0.532000 0.534000 0.532000 0.534000 0.648000 0.418000 0.648000
1 0.336000 0.136000 0.282884 0.228000 0.389116 0.228000
0 0.590000 0.766000 0.730000 0.766000 0.730000 0.906000 0.590000 0.906000
0 0.150000 0.788000 0.218000 0.788000 0.218000 0.856000 0.150000 0.856000
0 0.490000 0.266000 0.606000 0.266000 0.606000 0.382000 0.490000 0.382000
0 0.340000 0.800000 0.412000 0.800000 0.412000 0.872000 0.340000 0.872000