1 0.752000 0.194000 0.703503 0.278000 0.800497 0.278000
0 0.722000 0.440000 0.846000 0.440000 0.846000 0.564000 0.722000 0.564000
1 0.776000 0.570000 0.702099 0.698000 0.849901 0.698000
0 0.464000 0.718000 0.536000 0.718000 0.536000 0.790000 0.464000 0.790000
0 0.176000 0.668000 0.280000 0.668000 0.280000 0.772000 0.176000 0.772000
0 0.374000 0.500000 0.450000 0.500000 0.450000 0.576000 0.374000 0.576000
0 0.540000 0.784000 0.580000 0.784000 0.580000 0.824000 0.540000 0.824000
1 0.370000 0.448000 0.346906 0.488000 0.393094 0.488000
1 0.248000 0.388000 0.153315 0.552000 0.342685 0.552000
0 0.528000 0.550000 0.652000 0.550000 0.652000 0.674000 0.528000 0.674000
0 0.592000 0.684000 0.680000 0.684000 0.680000 0.772000 0.592000 0.772000