0 0.308000 0.578000 0.396000 0.578000 0.396000 0.666000 0.308000 0.666000
0 0.608000 0.784000 0.760000 0.784000 0.760000 0.936000 0.608000 0.936000
1 0.412000 0.456000 0.363503 0.540000 0.460497 0.540000
0 0.240000 0.424000 0.352000 0.424000 0.352000 0.536000 0.240000 0.536000
0 0.354000 0.216000 0.406000 0.216000 0.406000 0.268000 0.354000 0.268000
1 0.702000 0.590000 0.662740 0.658000 0.741260 0.658000
0 0.162000 0.378000 0.222000 0.378000 0.222000 0.438000 0.162000 0.438000
1 0.650000 0.672000 0.596884 0.764000 0.703116 0.764000
1 0.540000 0.076000 0.438386 0.252000 0.641614 0.252000
0 0.750000 0.388000 0.814000 0.388000 0.814000 0.452000 0.750000 0.452000
1 0.616000 0.258000 0.502839 0.454000 0.729161 0.454000
1 0.350000 0.668000 0.239149 0.860000 0.460851 0.860000
1 0.248000 0.060000 0.134839 0.256000 0.361161 0.256000