0 0.072000 0.550000 0.252000 0.550000 0.252000 0.730000 0.072000 0.730000
0 0.298000 0.114000 0.450000 0.114000 0.450000 0.266000 0.298000 0.266000
0 0.354000 0.718000 0.502000 0.718000 0.502000 0.866000 0.354000 0.866000
0 0.700000 0.610000 0.768000 0.610000 0.768000 0.678000 0.700000 0.678000
0 0.140000 0.326000 0.188000 0.326000 0.188000 0.374000 0.140000 0.374000
0 0.088000 0.082000 0.260000 0.082000 0.260000 0.254000 0.088000 0.254000
0 0.522000 0.148000 0.582000 0.148000 0.582000 0.208000 0.522000 0.208000
1 0.190000 0.734000 0.139193 0.822000 0.240807 0.822000
0 0.214000 0.270000 0.330000 0.270000 0.330000 0.386000 0.214000 0.386000
1 0.858000 0.292000 0.772552 0.440000 0.943448 0.440000
0 0.790000 0.700000 0.866000 0.700000 0.866000 0.776000 0.790000 0.776000
0 0.544000 0.718000 0.612000 0.718000 0.612000 0.786000 0.544000 0.786000
0 0.460000 0.366000 0.636000 0.366000 0.636000 0.542000 0.460000 0.542000