1 0.406000 0.774000 0.341337 0.886000 0.470663 0.886000
0 0.130000 0.544000 0.210000 0.544000 0.210000 0.624000 0.130000 0.624000
1 0.184000 0.306000 0.128574 0.402000 0.239426 0.402000
0 0.384000 0.594000 0.428000 0.594000 0.428000 0.638000 0.384000 0.638000
0 0.598000 0.536000 0.658000 0.536000 0.658000 0.596000 0.598000 0.596000
0 0.322000 0.464000 0.426000 0.464000 0.426000 0.568000 0.322000 0.568000
1 0.834000 0.356000 0.783193 0.444000 0.884807 0.444000
0 0.366000 0.174000 0.442000 0.174000 0.442000 0.250000 0.366000 0.250000
0 0.620000 0.122000 0.812000 0.122000 0.812000 0.314000 0.620000 0.314000
1 0.648000 0.656000 0.551005 0.824000 0.744995 0.824000
1 0.802000 0.770000 0.721171 0.910000 0.882829 0.910000