1 0.602000 0.620000 0.567359 0.680000 0.636641 0.680000
1 0.438000 0.086000 0.366409 0.210000 0.509591 0.210000
0 0.272000 0.760000 0.436000 0.760000 0.436000 0.924000 0.272000 0.924000
1 0.688000 0.456000 0.644121 0.532000 0.731879 0.532000
0 0.304000 0.320000 0.428000 0.320000 0.428000 0.444000 0.304000 0.444000
0 0.096000 0.468000 0.240000 0.468000 0.240000 0.612000 0.096000 0.612000
1 0.578000 0.330000 0.534121 0.406000 0.621879 0.406000
1 0.338000 0.468000 0.229458 0.656000 0.446542 0.656000
0 0.778000 0.366000 0.842000 0.366000 0.842000 0.430000 0.778000 0.430000
1 0.662000 0.758000 0.555768 0.942000 0.768232 0.942000
1 0.188000 0.242000 0.104862 0.386000 0.271138 0.386000