1 0.564000 0.746000 0.524740 0.814000 0.603260 0.814000
1 0.638000 0.104000 0.538696 0.276000 0.737304 0.276000
1 0.776000 0.260000 0.739050 0.324000 0.812950 0.324000
1 0.530000 0.338000 0.472265 0.438000 0.587735 0.438000
1 0.772000 0.408000 0.735050 0.472000 0.808950 0.472000
1 0.778000 0.122000 0.715646 0.230000 0.840354 0.230000
1 0.418000 0.180000 0.378740 0.248000 0.457260 0.248000
1 0.766000 0.612000 0.650530 0.812000 0.881470 0.812000
0 0.278000 0.392000 0.422000 0.392000 0.422000 0.536000 0.278000 0.536000
0 0.156000 0.142000 0.336000 0.142000 0.336000 0.322000 0.156000 0.322000
1 0.232000 0.468000 0.201978 0.520000 0.262022 0.520000
0 0.546000 0.472000 0.622000 0.472000 0.622000 0.548000 0.546000 0.548000