0 0.578000 0.066000 0.778000 0.066000 0.778000 0.266000 0.578000 0.266000
0 0.240000 0.742000 0.408000 0.742000 0.408000 0.910000 0.240000 0.910000
0 0.782000 0.244000 0.842000 0.244000 0.842000 0.304000 0.782000 0.304000
0 0.674000 0.742000 0.714000 0.742000 0.714000 0.782000 0.674000 0.782000
0 0.192000 0.464000 0.260000 0.464000 0.260000 0.532000 0.192000 0.532000
0 0.660000 0.586000 0.800000 0.586000 0.800000 0.726000 0.660000 0.726000
0 0.308000 0.478000 0.444000 0.478000 0.444000 0.614000 0.308000 0.614000
0 0.668000 0.514000 0.740000 0.514000 0.740000 0.586000 0.668000 0.586000
0 0.164000 0.266000 0.296000 0.266000 0.296000 0.398000 0.164000 0.398000
0 0.426000 0.614000 0.546000 0.614000 0.546000 0.734000 0.426000 0.734000
0 0.384000 0.316000 0.540000 0.316000 0.540000 0.472000 0.384000 0.472000
0 0.728000 0.832000 0.776000 0.832000 0.776000 0.880000 0.728000 0.880000
1 0.678000 0.308000 0.608718 0.428000 0.747282 0.428000