1 0.326000 0.538000 0.238243 0.690000 0.413757 0.690000
0 0.726000 0.228000 0.862000 0.228000 0.862000 0.364000 0.726000 0.364000
0 0.452000 0.260000 0.536000 0.260000 0.536000 0.344000 0.452000 0.344000
0 0.736000 0.484000 0.800000 0.484000 0.800000 0.548000 0.736000 0.548000
0 0.096000 0.104000 0.236000 0.104000 0.236000 0.244000 0.096000 0.244000
1 0.690000 0.534000 0.650740 0.602000 0.729260 0.602000
1 0.298000 0.306000 0.210243 0.458000 0.385757 0.458000
1 0.448000 0.392000 0.371790 0.524000 0.524210 0.524000
0 0.450000 0.562000 0.586000 0.562000 0.586000 0.698000 0.450000 0.698000
1 0.342000 0.148000 0.270409 0.272000 0.413591 0.272000
0 0.502000 0.726000 0.546000 0.726000 0.546000 0.770000 0.502000 0.770000
0 0.616000 0.274000 0.660000 0.274000 0.660000 0.318000 0.616000 0.318000
1 0.804000 0.162000 0.767050 0.226000 0.840950 0.226000