1 0.466000 0.240000 0.440597 0.284000 0.491403 0.284000
0 0.400000 0.662000 0.584000 0.662000 0.584000 0.846000 0.400000 0.846000
1 0.298000 0.368000 0.265668 0.424000 0.330332 0.424000
0 0.136000 0.398000 0.256000 0.398000 0.256000 0.518000 0.136000 0.518000
1 0.544000 0.328000 0.467790 0.460000 0.620210 0.460000
1 0.368000 0.466000 0.328740 0.534000 0.407260 0.534000
0 0.738000 0.606000 0.854000 0.606000 0.854000 0.722000 0.738000 0.722000
0 0.432000 0.072000 0.572000 0.072000 0.572000 0.212000 0.432000 0.212000
1 0.366000 0.542000 0.326740 0.610000 0.405260 0.610000
1 0.182000 0.580000 0.096552 0.728000 0.267448 0.728000
1 0.732000 0.256000 0.690431 0.328000 0.773569 0.328000