0 0.380000 0.760000 0.436000 0.760000 0.436000 0.816000 0.380000 0.816000
0 0.774000 0.698000 0.894000 0.698000 0.894000 0.818000 0.774000 0.818000
0 0.466000 0.296000 0.614000 0.296000 0.614000 0.444000 0.466000 0.444000
1 0.208000 0.422000 0.120243 0.574000 0.295757 0.574000
0 0.566000 0.514000 0.694000 0.514000 0.694000 0.642000 0.566000 0.642000
1 0.308000 0.616000 0.268740 0.684000 0.347260 0.684000
1 0.850000 0.326000 0.776099 0.454000 0.923901 0.454000
1 0.144000 0.180000 0.030839 0.376000 0.257161 0.376000
1 0.648000 0.098000 0.583337 0.210000 0.712663 0.210000
0 0.714000 0.544000 0.830000 0.544000 0.830000 0.660000 0.714000 0.660000
1 0.464000 0.124000 0.380862 0.268000 0.547138 0.268000
0 0.188000 0.768000 0.256000 0.768000 0.256000 0.836000 0.188000 0.836000