0 0.644000 0.138000 0.808000 0.138000 0.808000 0.302000 0.644000 0.302000
0 0.804000 0.564000 0.884000 0.564000 0.884000 0.644000 0.804000 0.644000
0 0.686000 0.564000 0.782000 0.564000 0.782000 0.660000 0.686000 0.660000
0 0.244000 0.232000 0.332000 0.232000 0.332000 0.320000 0.244000 0.320000
0 0.352000 0.148000 0.508000 0.148000 0.508000 0.304000 0.352000 0.304000
0 0.208000 0.550000 0.352000 0.550000 0.352000 0.694000 0.208000 0.694000
0 0.604000 0.620000 0.656000 0.620000 0.656000 0.672000 0.604000 0.672000
1 0.538000 0.400000 0.457171 0.540000 0.618829 0.540000
1 0.614000 0.740000 0.574740 0.808000 0.653260 0.808000
0 0.818000 0.244000 0.886000 0.244000 0.886000 0.312000 0.818000 0.312000
1 0.222000 0.760000 0.129624 0.920000 0.314376 0.920000
0 0.212000 0.404000 0.296000 0.404000 0.296000 0.488000 0.212000 0.488000