0 0.116000 0.534000 0.204000 0.534000 0.204000 0.622000 0.116000 0.622000
1 0.148000 0.734000 0.099503 0.818000 0.196497 0.818000
1 0.330000 0.238000 0.297668 0.294000 0.362332 0.294000
1 0.478000 0.214000 0.434121 0.290000 0.521879 0.290000
1 0.692000 0.176000 0.634265 0.276000 0.749735 0.276000
1 0.272000 0.736000 0.184243 0.888000 0.359757 0.888000
0 0.414000 0.332000 0.614000 0.332000 0.614000 0.532000 0.414000 0.532000
1 0.160000 0.332000 0.132287 0.380000 0.187713 0.380000
1 0.580000 0.656000 0.476077 0.836000 0.683923 0.836000
0 0.204000 0.502000 0.316000 0.502000 0.316000 0.614000 0.204000 0.614000
0 0.206000 0.202000 0.254000 0.202000 0.254000 0.250000 0.206000 0.250000