0 0.608000 0.182000 0.668000 0.182000 0.668000 0.242000 0.608000 0.242000
1 0.794000 0.098000 0.727027 0.214000 0.860973 0.214000
0 0.138000 0.060000 0.322000 0.060000 0.322000 0.244000 0.138000 0.244000
1 0.508000 0.474000 0.441027 0.590000 0.574973 0.590000
0 0.812000 0.572000 0.888000 0.572000 0.888000 0.648000 0.812000 0.648000
0 0.270000 0.650000 0.322000 0.650000 0.322000 0.702000 0.270000 0.702000
0 0.308000 0.702000 0.492000 0.702000 0.492000 0.886000 0.308000 0.886000
0 0.094000 0.656000 0.270000 0.656000 0.270000 0.832000 0.094000 0.832000
0 0.768000 0.730000 0.828000 0.730000 0.828000 0.790000 0.768000 0.790000
1 0.386000 0.206000 0.337503 0.290000 0.434497 0.290000
1 0.814000 0.376000 0.735480 0.512000 0.892520 0.512000