1 0.828000 0.382000 0.774884 0.474000 0.881116 0.474000
0 0.558000 0.566000 0.634000 0.566000 0.634000 0.642000 0.558000 0.642000
0 0.552000 0.256000 0.604000 0.256000 0.604000 0.308000 0.552000 0.308000
0 0.262000 0.428000 0.430000 0.428000 0.430000 0.596000 0.262000 0.596000
0 0.734000 0.778000 0.786000 0.778000 0.786000 0.830000 0.734000 0.830000
0 0.672000 0.466000 0.724000 0.466000 0.724000 0.518000 0.672000 0.518000
0 0.124000 0.616000 0.208000 0.616000 0.208000 0.700000 0.124000 0.700000
0 0.324000 0.052000 0.516000 0.052000 0.516000 0.244000 0.324000 0.244000
0 0.596000 0.800000 0.664000 0.800000 0.664000 0.868000 0.596000 0.868000
0 0.204000 0.138000 0.280000 0.138000 0.280000 0.214000 0.204000 0.214000
1 0.368000 0.288000 0.335668 0.344000 0.400332 0.344000
0 0.324000 0.782000 0.464000 0.782000 0.464000 0.922000 0.324000 0.922000