0 0.084000 0.124000 0.236000 0.124000 0.236000 0.276000 0.084000 0.276000
1 0.522000 0.330000 0.480431 0.402000 0.563569 0.402000
0 0.686000 0.626000 0.726000 0.626000 0.726000 0.666000 0.686000 0.666000
1 0.502000 0.720000 0.465050 0.784000 0.538950 0.784000
0 0.288000 0.228000 0.360000 0.228000 0.360000 0.300000 0.288000 0.300000
0 0.528000 0.228000 0.580000 0.228000 0.580000 0.280000 0.528000 0.280000
1 0.350000 0.322000 0.257624 0.482000 0.442376 0.482000
0 0.174000 0.626000 0.278000 0.626000 0.278000 0.730000 0.174000 0.730000
0 0.764000 0.394000 0.864000 0.394000 0.864000 0.494000 0.764000 0.494000
1 0.492000 0.498000 0.383458 0.686000 0.600542 0.686000
0 0.150000 0.806000 0.250000 0.806000 0.250000 0.906000 0.150000 0.906000