0 0.138000 0.688000 0.254000 0.688000 0.254000 0.804000 0.138000 0.804000
1 0.368000 0.750000 0.280243 0.902000 0.455757 0.902000
0 0.586000 0.512000 0.658000 0.512000 0.658000 0.584000 0.586000 0.584000
0 0.196000 0.566000 0.260000 0.566000 0.260000 0.630000 0.196000 0.630000
0 0.596000 0.240000 0.704000 0.240000 0.704000 0.348000 0.596000 0.348000
0 0.282000 0.538000 0.358000 0.538000 0.358000 0.614000 0.282000 0.614000
1 0.570000 0.702000 0.489171 0.842000 0.650829 0.842000
0 0.360000 0.408000 0.404000 0.408000 0.404000 0.452000 0.360000 0.452000
0 0.800000 0.662000 0.848000 0.662000 0.848000 0.710000 0.800000 0.710000
1 0.542000 0.370000 0.463480 0.506000 0.620520 0.506000
0 0.230000 0.280000 0.350000 0.280000 0.350000 0.400000 0.230000 0.400000
1 0.832000 0.790000 0.778884 0.882000 0.885116 0.882000