1 0.266000 0.204000 0.217503 0.288000 0.314497 0.288000
0 0.308000 0.168000 0.440000 0.168000 0.440000 0.300000 0.308000 0.300000
1 0.156000 0.708000 0.049768 0.892000 0.262232 0.892000
0 0.660000 0.342000 0.712000 0.342000 0.712000 0.394000 0.660000 0.394000
1 0.676000 0.488000 0.625193 0.576000 0.726807 0.576000
1 0.812000 0.756000 0.775050 0.820000 0.848950 0.820000
1 0.808000 0.106000 0.694839 0.302000 0.921161 0.302000
1 0.760000 0.622000 0.706884 0.714000 0.813116 0.714000
0 0.554000 0.210000 0.598000 0.210000 0.598000 0.254000 0.554000 0.254000
0 0.418000 0.482000 0.602000 0.482000 0.602000 0.666000 0.418000 0.666000
1 0.360000 0.682000 0.329978 0.734000 0.390022 0.734000
0 0.762000 0.324000 0.914000 0.324000 0.914000 0.476000 0.762000 0.476000