1 0.478000 0.784000 0.406409 0.908000 0.549591 0.908000
0 0.598000 0.690000 0.642000 0.690000 0.642000 0.734000 0.598000 0.734000
1 0.698000 0.506000 0.637956 0.610000 0.758044 0.610000
1 0.766000 0.184000 0.701337 0.296000 0.830663 0.296000
1 0.580000 0.474000 0.510718 0.594000 0.649282 0.594000
1 0.672000 0.788000 0.621193 0.876000 0.722807 0.876000
1 0.324000 0.214000 0.210839 0.410000 0.437161 0.410000
0 0.684000 0.636000 0.828000 0.636000 0.828000 0.780000 0.684000 0.780000
1 0.854000 0.478000 0.777790 0.610000 0.930210 0.610000
0 0.112000 0.796000 0.168000 0.796000 0.168000 0.852000 0.112000 0.852000
1 0.268000 0.484000 0.237978 0.536000 0.298022 0.536000
0 0.232000 0.618000 0.376000 0.618000 0.376000 0.762000 0.232000 0.762000
0 0.090000 0.166000 0.206000 0.166000 0.206000 0.282000 0.090000 0.282000