0 0.262000 0.338000 0.322000 0.338000 0.322000 0.398000 0.262000 0.398000
1 0.152000 0.420000 0.082718 0.540000 0.221282 0.540000
0 0.540000 0.166000 0.648000 0.166000 0.648000 0.274000 0.540000 0.274000
1 0.808000 0.444000 0.752574 0.540000 0.863426 0.540000
1 0.418000 0.672000 0.344099 0.800000 0.491901 0.800000
1 0.650000 0.280000 0.543768 0.464000 0.756232 0.464000
0 0.330000 0.338000 0.426000 0.338000 0.426000 0.434000 0.330000 0.434000
0 0.604000 0.526000 0.744000 0.526000 0.744000 0.666000 0.604000 0.666000
0 0.568000 0.760000 0.700000 0.760000 0.700000 0.892000 0.568000 0.892000
0 0.796000 0.804000 0.884000 0.804000 0.884000 0.892000 0.796000 0.892000
1 0.812000 0.626000 0.756574 0.722000 0.867426 0.722000