0 0.412000 0.202000 0.512000 0.202000 0.512000 0.302000 0.412000 0.302000
0 0.630000 0.090000 0.806000 0.090000 0.806000 0.266000 0.630000 0.266000
1 0.852000 0.784000 0.821978 0.836000 0.882022 0.836000
0 0.570000 0.486000 0.670000 0.486000 0.670000 0.586000 0.570000 0.586000
0 0.300000 0.322000 0.340000 0.322000 0.340000 0.362000 0.300000 0.362000
0 0.414000 0.328000 0.498000 0.328000 0.498000 0.412000 0.414000 0.412000
1 0.246000 0.726000 0.209050 0.790000 0.282950 0.790000
1 0.222000 0.304000 0.182740 0.372000 0.261260 0.372000
1 0.650000 0.716000 0.534530 0.916000 0.765470 0.916000
1 0.500000 0.634000 0.460740 0.702000 0.539260 0.702000
0 0.108000 0.654000 0.172000 0.654000 0.172000 0.718000 0.108000 0.718000
1 0.478000 0.482000 0.436431 0.554000 0.519569 0.554000
0 0.204000 0.390000 0.380000 0.390000 0.380000 0.566000 0.204000 0.566000