0 0.156000 0.058000 0.340000 0.058000 0.340000 0.242000 0.156000 0.242000
1 0.778000 0.534000 0.664839 0.730000 0.891161 0.730000
1 0.450000 0.206000 0.424597 0.250000 0.475403 0.250000
0 0.478000 0.780000 0.522000 0.780000 0.522000 0.824000 0.478000 0.824000
1 0.174000 0.462000 0.120884 0.554000 0.227116 0.554000
0 0.670000 0.216000 0.842000 0.216000 0.842000 0.388000 0.670000 0.388000
0 0.586000 0.800000 0.678000 0.800000 0.678000 0.892000 0.586000 0.892000
0 0.072000 0.288000 0.240000 0.288000 0.240000 0.456000 0.072000 0.456000
0 0.520000 0.308000 0.560000 0.308000 0.560000 0.348000 0.520000 0.348000
1 0.600000 0.310000 0.567668 0.366000 0.632332 0.366000
1 0.626000 0.418000 0.570574 0.514000 0.681426 0.514000
0 0.496000 0.470000 0.560000 0.470000 0.560000 0.534000 0.496000 0.534000
0 0.286000 0.360000 0.482000 0.360000 0.482000 0.556000 0.286000 0.556000