1 0.298000 0.674000 0.247193 0.762000 0.348807 0.762000
0 0.124000 0.750000 0.180000 0.750000 0.180000 0.806000 0.124000 0.806000
0 0.186000 0.304000 0.374000 0.304000 0.374000 0.492000 0.186000 0.492000
1 0.482000 0.084000 0.401171 0.224000 0.562829 0.224000
1 0.546000 0.600000 0.495193 0.688000 0.596807 0.688000
0 0.374000 0.484000 0.418000 0.484000 0.418000 0.528000 0.374000 0.528000
0 0.722000 0.086000 0.886000 0.086000 0.886000 0.250000 0.722000 0.250000
0 0.408000 0.270000 0.532000 0.270000 0.532000 0.394000 0.408000 0.394000
0 0.366000 0.816000 0.422000 0.816000 0.422000 0.872000 0.366000 0.872000
1 0.646000 0.192000 0.604431 0.264000 0.687569 0.264000
1 0.756000 0.398000 0.661315 0.562000 0.850685 0.562000