1 0.246000 0.250000 0.162862 0.394000 0.329138 0.394000
1 0.776000 0.454000 0.695171 0.594000 0.856829 0.594000
1 0.810000 0.142000 0.694530 0.342000 0.925470 0.342000
1 0.630000 0.320000 0.602287 0.368000 0.657713 0.368000
1 0.404000 0.540000 0.327790 0.672000 0.480210 0.672000
1 0.408000 0.398000 0.329480 0.534000 0.486520 0.534000
1 0.140000 0.422000 0.054552 0.570000 0.225448 0.570000
0 0.320000 0.820000 0.388000 0.820000 0.388000 0.888000 0.320000 0.888000
0 0.582000 0.806000 0.650000 0.806000 0.650000 0.874000 0.582000 0.874000
1 0.778000 0.346000 0.724884 0.438000 0.831116 0.438000
0 0.698000 0.814000 0.750000 0.814000 0.750000 0.866000 0.698000 0.866000
0 0.422000 0.170000 0.570000 0.170000 0.570000 0.318000 0.422000 0.318000
0 0.536000 0.534000 0.612000 0.534000 0.612000 0.610000 0.536000 0.610000