1 0.430000 0.604000 0.395359 0.664000 0.464641 0.664000
1 0.448000 0.288000 0.424906 0.328000 0.471094 0.328000
0 0.686000 0.568000 0.762000 0.568000 0.762000 0.644000 0.686000 0.644000
1 0.742000 0.360000 0.711978 0.412000 0.772022 0.412000
1 0.620000 0.684000 0.532243 0.836000 0.707757 0.836000
0 0.230000 0.066000 0.422000 0.066000 0.422000 0.258000 0.230000 0.258000
0 0.738000 0.466000 0.790000 0.466000 0.790000 0.518000 0.738000 0.518000
1 0.686000 0.838000 0.660597 0.882000 0.711403 0.882000
1 0.564000 0.408000 0.536287 0.456000 0.591713 0.456000
0 0.100000 0.472000 0.296000 0.472000 0.296000 0.668000 0.100000 0.668000
0 0.508000 0.500000 0.592000 0.500000 0.592000 0.584000 0.508000 0.584000
0 0.356000 0.680000 0.524000 0.680000 0.524000 0.848000 0.356000 0.848000
0 0.618000 0.096000 0.786000 0.096000 0.786000 0.264000 0.618000 0.264000