1 0.174000 0.620000 0.143978 0.672000 0.204022 0.672000
0 0.172000 0.148000 0.356000 0.148000 0.356000 0.332000 0.172000 0.332000
0 0.322000 0.624000 0.454000 0.624000 0.454000 0.756000 0.322000 0.756000
1 0.526000 0.314000 0.419768 0.498000 0.632232 0.498000
0 0.570000 0.688000 0.614000 0.688000 0.614000 0.732000 0.570000 0.732000
1 0.762000 0.472000 0.701956 0.576000 0.822044 0.576000
0 0.488000 0.068000 0.668000 0.068000 0.668000 0.248000 0.488000 0.248000
1 0.158000 0.512000 0.121050 0.576000 0.194950 0.576000
1 0.168000 0.696000 0.084862 0.840000 0.251138 0.840000
0 0.162000 0.338000 0.334000 0.338000 0.334000 0.510000 0.162000 0.510000
0 0.666000 0.282000 0.842000 0.282000 0.842000 0.458000 0.666000 0.458000