1 0.730000 0.188000 0.693050 0.252000 0.766950 0.252000
0 0.538000 0.250000 0.690000 0.250000 0.690000 0.402000 0.538000 0.402000
1 0.368000 0.064000 0.264077 0.244000 0.471923 0.244000
0 0.376000 0.676000 0.456000 0.676000 0.456000 0.756000 0.376000 0.756000
0 0.324000 0.526000 0.436000 0.526000 0.436000 0.638000 0.324000 0.638000
0 0.594000 0.578000 0.778000 0.578000 0.778000 0.762000 0.594000 0.762000
1 0.582000 0.424000 0.533503 0.508000 0.630497 0.508000
0 0.466000 0.104000 0.542000 0.104000 0.542000 0.180000 0.466000 0.180000
1 0.244000 0.466000 0.197812 0.546000 0.290188 0.546000
1 0.644000 0.528000 0.618597 0.572000 0.669403 0.572000
0 0.264000 0.330000 0.348000 0.330000 0.348000 0.414000 0.264000 0.414000
1 0.156000 0.738000 0.063624 0.898000 0.248376 0.898000