1 0.298000 0.816000 0.247193 0.904000 0.348807 0.904000
1 0.716000 0.372000 0.688287 0.420000 0.743713 0.420000
0 0.342000 0.622000 0.482000 0.622000 0.482000 0.762000 0.342000 0.762000
0 0.280000 0.400000 0.440000 0.400000 0.440000 0.560000 0.280000 0.560000
0 0.706000 0.444000 0.842000 0.444000 0.842000 0.580000 0.706000 0.580000
1 0.608000 0.616000 0.517933 0.772000 0.698067 0.772000
1 0.226000 0.240000 0.186740 0.308000 0.265260 0.308000
1 0.792000 0.718000 0.734265 0.818000 0.849735 0.818000
1 0.618000 0.432000 0.557956 0.536000 0.678044 0.536000
1 0.612000 0.210000 0.584287 0.258000 0.639713 0.258000
0 0.444000 0.360000 0.520000 0.360000 0.520000 0.436000 0.444000 0.436000