1 0.282000 0.252000 0.242740 0.320000 0.321260 0.320000
0 0.552000 0.544000 0.720000 0.544000 0.720000 0.712000 0.552000 0.712000
0 0.234000 0.482000 0.370000 0.482000 0.370000 0.618000 0.234000 0.618000
0 0.396000 0.578000 0.484000 0.578000 0.484000 0.666000 0.396000 0.666000
0 0.120000 0.370000 0.200000 0.370000 0.200000 0.450000 0.120000 0.450000
1 0.164000 0.126000 0.127050 0.190000 0.200950 0.190000
1 0.146000 0.602000 0.106740 0.670000 0.185260 0.670000
0 0.772000 0.590000 0.892000 0.590000 0.892000 0.710000 0.772000 0.710000
0 0.416000 0.132000 0.492000 0.132000 0.492000 0.208000 0.416000 0.208000
0 0.810000 0.190000 0.906000 0.190000 0.906000 0.286000 0.810000 0.286000
0 0.324000 0.224000 0.456000 0.224000 0.456000 0.356000 0.324000 0.356000
1 0.648000 0.724000 0.571790 0.856000 0.724210 0.856000