0 0.630000 0.070000 0.790000 0.070000 0.790000 0.230000 0.630000 0.230000
0 0.254000 0.510000 0.430000 0.510000 0.430000 0.686000 0.254000 0.686000
1 0.254000 0.704000 0.198574 0.800000 0.309426 0.800000
0 0.508000 0.502000 0.628000 0.502000 0.628000 0.622000 0.508000 0.622000
1 0.538000 0.122000 0.487193 0.210000 0.588807 0.210000
0 0.674000 0.466000 0.758000 0.466000 0.758000 0.550000 0.674000 0.550000
1 0.222000 0.254000 0.189668 0.310000 0.254332 0.310000
1 0.858000 0.436000 0.786409 0.560000 0.929591 0.560000
0 0.516000 0.640000 0.684000 0.640000 0.684000 0.808000 0.516000 0.808000
0 0.608000 0.414000 0.660000 0.414000 0.660000 0.466000 0.608000 0.466000
1 0.330000 0.208000 0.283812 0.288000 0.376188 0.288000
0 0.434000 0.774000 0.510000 0.774000 0.510000 0.850000 0.434000 0.850000