0 0.460000 0.284000 0.568000 0.284000 0.568000 0.392000 0.460000 0.392000
0 0.152000 0.826000 0.216000 0.826000 0.216000 0.890000 0.152000 0.890000
0 0.720000 0.080000 0.920000 0.080000 0.920000 0.280000 0.720000 0.280000
1 0.320000 0.284000 0.223005 0.452000 0.416995 0.452000
1 0.512000 0.484000 0.412696 0.656000 0.611304 0.656000
1 0.158000 0.288000 0.109503 0.372000 0.206497 0.372000
0 0.460000 0.726000 0.628000 0.726000 0.628000 0.894000 0.460000 0.894000
1 0.490000 0.106000 0.404552 0.254000 0.575448 0.254000
1 0.270000 0.636000 0.196099 0.764000 0.343901 0.764000
0 0.708000 0.812000 0.760000 0.812000 0.760000 0.864000 0.708000 0.864000
1 0.736000 0.334000 0.620530 0.534000 0.851470 0.534000