1 0.146000 0.094000 0.092884 0.186000 0.199116 0.186000
1 0.166000 0.354000 0.129050 0.418000 0.202950 0.418000
0 0.750000 0.088000 0.878000 0.088000 0.878000 0.216000 0.750000 0.216000
0 0.142000 0.254000 0.186000 0.254000 0.186000 0.298000 0.142000 0.298000
1 0.522000 0.824000 0.480431 0.896000 0.563569 0.896000
0 0.498000 0.622000 0.614000 0.622000 0.614000 0.738000 0.498000 0.738000
0 0.204000 0.590000 0.248000 0.590000 0.248000 0.634000 0.204000 0.634000
1 0.372000 0.452000 0.275005 0.620000 0.468995 0.620000
1 0.710000 0.594000 0.656884 0.686000 0.763116 0.686000
0 0.156000 0.302000 0.200000 0.302000 0.200000 0.346000 0.156000 0.346000
1 0.212000 0.834000 0.184287 0.882000 0.239713 0.882000
1 0.648000 0.076000 0.553315 0.240000 0.742685 0.240000
1 0.346000 0.132000 0.315978 0.184000 0.376022 0.184000
1 0.686000 0.276000 0.616718 0.396000 0.755282 0.396000
1 0.142000 0.626000 0.091193 0.714000 0.192807 0.714000
1 0.778000 0.402000 0.736431 0.474000 0.819569 0.474000