0 0.324000 0.718000 0.380000 0.718000 0.380000 0.774000 0.324000 0.774000
0 0.120000 0.564000 0.228000 0.564000 0.228000 0.672000 0.120000 0.672000
0 0.408000 0.122000 0.588000 0.122000 0.588000 0.302000 0.408000 0.302000
1 0.216000 0.160000 0.190597 0.204000 0.241403 0.204000
1 0.186000 0.758000 0.144431 0.830000 0.227569 0.830000
1 0.712000 0.724000 0.598839 0.920000 0.825161 0.920000
0 0.440000 0.772000 0.564000 0.772000 0.564000 0.896000 0.440000 0.896000
0 0.720000 0.326000 0.788000 0.326000 0.788000 0.394000 0.720000 0.394000
1 0.454000 0.580000 0.421668 0.636000 0.486332 0.636000
0 0.676000 0.656000 0.740000 0.656000 0.740000 0.720000 0.676000 0.720000
0 0.602000 0.398000 0.654000 0.398000 0.654000 0.450000 0.602000 0.450000
0 0.170000 0.834000 0.210000 0.834000 0.210000 0.874000 0.170000 0.874000
0 0.310000 0.306000 0.510000 0.306000 0.510000 0.506000 0.310000 0.506000