0 0.806000 0.480000 0.914000 0.480000 0.914000 0.588000 0.806000 0.588000
0 0.676000 0.350000 0.740000 0.350000 0.740000 0.414000 0.676000 0.414000
1 0.720000 0.628000 0.687668 0.684000 0.752332 0.684000
1 0.166000 0.458000 0.059768 0.642000 0.272232 0.642000
1 0.316000 0.778000 0.265193 0.866000 0.366807 0.866000
0 0.766000 0.800000 0.862000 0.800000 0.862000 0.896000 0.766000 0.896000
0 0.614000 0.730000 0.722000 0.730000 0.722000 0.838000 0.614000 0.838000
1 0.334000 0.492000 0.260099 0.620000 0.407901 0.620000
0 0.370000 0.262000 0.426000 0.262000 0.426000 0.318000 0.370000 0.318000
1 0.456000 0.422000 0.416740 0.490000 0.495260 0.490000
1 0.172000 0.294000 0.118884 0.386000 0.225116 0.386000
1 0.142000 0.710000 0.035768 0.894000 0.248232 0.894000