1 0.366000 0.386000 0.342906 0.426000 0.389094 0.426000
1 0.140000 0.172000 0.098431 0.244000 0.181569 0.244000
0 0.212000 0.478000 0.296000 0.478000 0.296000 0.562000 0.212000 0.562000
0 0.348000 0.782000 0.424000 0.782000 0.424000 0.858000 0.348000 0.858000
0 0.630000 0.354000 0.730000 0.354000 0.730000 0.454000 0.630000 0.454000
1 0.670000 0.116000 0.639978 0.168000 0.700022 0.168000
0 0.684000 0.770000 0.744000 0.770000 0.744000 0.830000 0.684000 0.830000
0 0.500000 0.454000 0.572000 0.454000 0.572000 0.526000 0.500000 0.526000
1 0.154000 0.616000 0.084718 0.736000 0.223282 0.736000
0 0.428000 0.754000 0.572000 0.754000 0.572000 0.898000 0.428000 0.898000
0 0.796000 0.328000 0.872000 0.328000 0.872000 0.404000 0.796000 0.404000
0 0.410000 0.188000 0.598000 0.188000 0.598000 0.376000 0.410000 0.376000
0 0.292000 0.658000 0.340000 0.658000 0.340000 0.706000 0.292000 0.706000
0 0.192000 0.244000 0.236000 0.244000 0.236000 0.288000 0.192000 0.288000