1 0.726000 0.792000 0.682121 0.868000 0.769879 0.868000
0 0.452000 0.532000 0.504000 0.532000 0.504000 0.584000 0.452000 0.584000
0 0.602000 0.204000 0.678000 0.204000 0.678000 0.280000 0.602000 0.280000
0 0.548000 0.508000 0.600000 0.508000 0.600000 0.560000 0.548000 0.560000
1 0.146000 0.466000 0.104431 0.538000 0.187569 0.538000
0 0.452000 0.786000 0.592000 0.786000 0.592000 0.926000 0.452000 0.926000
1 0.386000 0.508000 0.319027 0.624000 0.452973 0.624000
1 0.736000 0.582000 0.680574 0.678000 0.791426 0.678000
1 0.280000 0.216000 0.247668 0.272000 0.312332 0.272000
1 0.634000 0.564000 0.585503 0.648000 0.682497 0.648000
1 0.524000 0.668000 0.461646 0.776000 0.586354 0.776000
0 0.216000 0.290000 0.372000 0.290000 0.372000 0.446000 0.216000 0.446000
0 0.808000 0.258000 0.848000 0.258000 0.848000 0.298000 0.808000 0.298000
0 0.254000 0.666000 0.330000 0.666000 0.330000 0.742000 0.254000 0.742000