0 0.766000 0.358000 0.850000 0.358000 0.850000 0.442000 0.766000 0.442000
1 0.376000 0.314000 0.292862 0.458000 0.459138 0.458000
0 0.452000 0.774000 0.496000 0.774000 0.496000 0.818000 0.452000 0.818000
0 0.656000 0.530000 0.808000 0.530000 0.808000 0.682000 0.656000 0.682000
1 0.180000 0.304000 0.108409 0.428000 0.251591 0.428000
1 0.392000 0.754000 0.338884 0.846000 0.445116 0.846000
0 0.146000 0.700000 0.238000 0.700000 0.238000 0.792000 0.146000 0.792000
0 0.816000 0.592000 0.856000 0.592000 0.856000 0.632000 0.816000 0.632000
1 0.218000 0.248000 0.194906 0.288000 0.241094 0.288000
1 0.626000 0.150000 0.595978 0.202000 0.656022 0.202000
1 0.412000 0.112000 0.335790 0.244000 0.488210 0.244000
1 0.450000 0.534000 0.355315 0.698000 0.544685 0.698000
0 0.746000 0.174000 0.926000 0.174000 0.926000 0.354000 0.746000 0.354000