1 0.458000 0.634000 0.407193 0.722000 0.508807 0.722000
0 0.472000 0.462000 0.512000 0.462000 0.512000 0.502000 0.472000 0.502000
0 0.718000 0.134000 0.782000 0.134000 0.782000 0.198000 0.718000 0.198000
0 0.418000 0.300000 0.578000 0.300000 0.578000 0.460000 0.418000 0.460000
1 0.190000 0.470000 0.146121 0.546000 0.233879 0.546000
0 0.774000 0.342000 0.934000 0.342000 0.934000 0.502000 0.774000 0.502000
0 0.350000 0.486000 0.402000 0.486000 0.402000 0.538000 0.350000 0.538000
0 0.390000 0.126000 0.438000 0.126000 0.438000 0.174000 0.390000 0.174000
0 0.106000 0.194000 0.210000 0.194000 0.210000 0.298000 0.106000 0.298000
0 0.288000 0.664000 0.412000 0.664000 0.412000 0.788000 0.288000 0.788000
1 0.662000 0.636000 0.618121 0.712000 0.705879 0.712000