1 0.452000 0.112000 0.408121 0.188000 0.495879 0.188000
1 0.228000 0.408000 0.204906 0.448000 0.251094 0.448000
1 0.408000 0.326000 0.384906 0.366000 0.431094 0.366000
1 0.180000 0.234000 0.140740 0.302000 0.219260 0.302000
1 0.258000 0.652000 0.174862 0.796000 0.341138 0.796000
1 0.198000 0.822000 0.172597 0.866000 0.223403 0.866000
1 0.280000 0.476000 0.219956 0.580000 0.340044 0.580000
1 0.450000 0.644000 0.378409 0.768000 0.521591 0.768000
0 0.732000 0.334000 0.796000 0.334000 0.796000 0.398000 0.732000 0.398000
1 0.622000 0.622000 0.548099 0.750000 0.695901 0.750000
0 0.794000 0.776000 0.878000 0.776000 0.878000 0.860000 0.794000 0.860000
1 0.680000 0.166000 0.599171 0.306000 0.760829 0.306000
1 0.570000 0.752000 0.514574 0.848000 0.625426 0.848000