1 0.228000 0.496000 0.177193 0.584000 0.278807 0.584000
0 0.402000 0.116000 0.514000 0.116000 0.514000 0.228000 0.402000 0.228000
1 0.804000 0.266000 0.688530 0.466000 0.919470 0.466000
1 0.280000 0.738000 0.247668 0.794000 0.312332 0.794000
0 0.552000 0.180000 0.704000 0.180000 0.704000 0.332000 0.552000 0.332000
1 0.194000 0.298000 0.136265 0.398000 0.251735 0.398000
0 0.410000 0.624000 0.570000 0.624000 0.570000 0.784000 0.410000 0.784000
0 0.676000 0.682000 0.752000 0.682000 0.752000 0.758000 0.676000 0.758000
0 0.554000 0.512000 0.662000 0.512000 0.662000 0.620000 0.554000 0.620000
1 0.702000 0.770000 0.625790 0.902000 0.778210 0.902000
1 0.146000 0.184000 0.120597 0.228000 0.171403 0.228000