1 0.386000 0.666000 0.325956 0.770000 0.446044 0.770000
1 0.844000 0.360000 0.793193 0.448000 0.894807 0.448000
0 0.696000 0.330000 0.764000 0.330000 0.764000 0.398000 0.696000 0.398000
0 0.488000 0.330000 0.660000 0.330000 0.660000 0.502000 0.488000 0.502000
0 0.358000 0.528000 0.438000 0.528000 0.438000 0.608000 0.358000 0.608000
0 0.192000 0.600000 0.280000 0.600000 0.280000 0.688000 0.192000 0.688000
1 0.204000 0.070000 0.104696 0.242000 0.303304 0.242000
0 0.148000 0.346000 0.204000 0.346000 0.204000 0.402000 0.148000 0.402000
1 0.592000 0.770000 0.564287 0.818000 0.619713 0.818000
1 0.280000 0.714000 0.229193 0.802000 0.330807 0.802000
0 0.514000 0.624000 0.630000 0.624000 0.630000 0.740000 0.514000 0.740000
1 0.848000 0.748000 0.783337 0.860000 0.912663 0.860000
1 0.310000 0.336000 0.259193 0.424000 0.360807 0.424000