1 0.854000 0.180000 0.775480 0.316000 0.932520 0.316000
0 0.064000 0.674000 0.256000 0.674000 0.256000 0.866000 0.064000 0.866000
1 0.736000 0.216000 0.703668 0.272000 0.768332 0.272000
1 0.370000 0.120000 0.319193 0.208000 0.420807 0.208000
1 0.606000 0.126000 0.550574 0.222000 0.661426 0.222000
0 0.434000 0.216000 0.490000 0.216000 0.490000 0.272000 0.434000 0.272000
0 0.100000 0.280000 0.248000 0.280000 0.248000 0.428000 0.100000 0.428000
0 0.748000 0.512000 0.796000 0.512000 0.796000 0.560000 0.748000 0.560000
0 0.502000 0.704000 0.570000 0.704000 0.570000 0.772000 0.502000 0.772000
1 0.688000 0.754000 0.604862 0.898000 0.771138 0.898000
1 0.408000 0.370000 0.301768 0.554000 0.514232 0.554000