1 0.658000 0.762000 0.604884 0.854000 0.711116 0.854000
1 0.532000 0.480000 0.499668 0.536000 0.564332 0.536000
1 0.324000 0.442000 0.227005 0.610000 0.420995 0.610000
0 0.784000 0.648000 0.904000 0.648000 0.904000 0.768000 0.784000 0.768000
1 0.446000 0.752000 0.346696 0.924000 0.545304 0.924000
1 0.604000 0.152000 0.530099 0.280000 0.677901 0.280000
1 0.160000 0.612000 0.046839 0.808000 0.273161 0.808000
0 0.380000 0.162000 0.532000 0.162000 0.532000 0.314000 0.380000 0.314000
0 0.168000 0.100000 0.332000 0.100000 0.332000 0.264000 0.168000 0.264000
1 0.842000 0.246000 0.740386 0.422000 0.943614 0.422000
0 0.568000 0.478000 0.696000 0.478000 0.696000 0.606000 0.568000 0.606000