0 0.146000 0.582000 0.194000 0.582000 0.194000 0.630000 0.146000 0.630000
0 0.182000 0.224000 0.258000 0.224000 0.258000 0.300000 0.182000 0.300000
1 0.546000 0.832000 0.522906 0.872000 0.569094 0.872000
0 0.788000 0.642000 0.880000 0.642000 0.880000 0.734000 0.788000 0.734000
0 0.124000 0.764000 0.304000 0.764000 0.304000 0.944000 0.124000 0.944000
1 0.724000 0.336000 0.654718 0.456000 0.793282 0.456000
0 0.788000 0.446000 0.920000 0.446000 0.920000 0.578000 0.788000 0.578000
1 0.404000 0.616000 0.330099 0.744000 0.477901 0.744000
1 0.752000 0.738000 0.664243 0.890000 0.839757 0.890000
1 0.606000 0.506000 0.548265 0.606000 0.663735 0.606000
1 0.250000 0.676000 0.213050 0.740000 0.286950 0.740000
0 0.418000 0.300000 0.578000 0.300000 0.578000 0.460000 0.418000 0.460000
0 0.628000 0.670000 0.692000 0.670000 0.692000 0.734000 0.628000 0.734000