1 0.848000 0.274000 0.797193 0.362000 0.898807 0.362000
1 0.710000 0.304000 0.682287 0.352000 0.737713 0.352000
0 0.214000 0.742000 0.306000 0.742000 0.306000 0.834000 0.214000 0.834000
0 0.674000 0.164000 0.794000 0.164000 0.794000 0.284000 0.674000 0.284000
1 0.814000 0.396000 0.740099 0.524000 0.887901 0.524000
1 0.204000 0.276000 0.155503 0.360000 0.252497 0.360000
1 0.344000 0.132000 0.302431 0.204000 0.385569 0.204000
0 0.414000 0.486000 0.578000 0.486000 0.578000 0.650000 0.414000 0.650000
1 0.684000 0.554000 0.593933 0.710000 0.774067 0.710000
1 0.256000 0.522000 0.209812 0.602000 0.302188 0.602000
0 0.308000 0.392000 0.352000 0.392000 0.352000 0.436000 0.308000 0.436000
1 0.424000 0.732000 0.308530 0.932000 0.539470 0.932000