0 0.778000 0.694000 0.890000 0.694000 0.890000 0.806000 0.778000 0.806000
0 0.656000 0.456000 0.772000 0.456000 0.772000 0.572000 0.656000 0.572000
0 0.708000 0.154000 0.748000 0.154000 0.748000 0.194000 0.708000 0.194000
1 0.216000 0.822000 0.176740 0.890000 0.255260 0.890000
1 0.682000 0.228000 0.640431 0.300000 0.723569 0.300000
0 0.496000 0.588000 0.652000 0.588000 0.652000 0.744000 0.496000 0.744000
1 0.516000 0.528000 0.481359 0.588000 0.550641 0.588000
1 0.150000 0.582000 0.048386 0.758000 0.251614 0.758000
0 0.094000 0.168000 0.266000 0.168000 0.266000 0.340000 0.094000 0.340000
1 0.326000 0.366000 0.272884 0.458000 0.379116 0.458000
0 0.490000 0.410000 0.570000 0.410000 0.570000 0.490000 0.490000 0.490000