1 0.860000 0.142000 0.793027 0.258000 0.926973 0.258000
1 0.816000 0.640000 0.716696 0.812000 0.915304 0.812000
0 0.420000 0.288000 0.464000 0.288000 0.464000 0.332000 0.420000 0.332000
0 0.514000 0.162000 0.590000 0.162000 0.590000 0.238000 0.514000 0.238000
1 0.434000 0.424000 0.353171 0.564000 0.514829 0.564000
1 0.538000 0.570000 0.450243 0.722000 0.625757 0.722000
1 0.598000 0.426000 0.540265 0.526000 0.655735 0.526000
1 0.324000 0.688000 0.220077 0.868000 0.427923 0.868000
1 0.246000 0.326000 0.155933 0.482000 0.336067 0.482000
1 0.380000 0.090000 0.289933 0.246000 0.470067 0.246000
0 0.638000 0.204000 0.762000 0.204000 0.762000 0.328000 0.638000 0.328000