1 0.684000 0.800000 0.658597 0.844000 0.709403 0.844000
1 0.856000 0.198000 0.779790 0.330000 0.932210 0.330000
0 0.386000 0.448000 0.478000 0.448000 0.478000 0.540000 0.386000 0.540000
1 0.288000 0.236000 0.204862 0.380000 0.371138 0.380000
1 0.220000 0.784000 0.162265 0.884000 0.277735 0.884000
1 0.398000 0.138000 0.342574 0.234000 0.453426 0.234000
0 0.178000 0.516000 0.338000 0.516000 0.338000 0.676000 0.178000 0.676000
1 0.300000 0.398000 0.237646 0.506000 0.362354 0.506000
0 0.706000 0.642000 0.878000 0.642000 0.878000 0.814000 0.706000 0.814000
0 0.094000 0.126000 0.210000 0.126000 0.210000 0.242000 0.094000 0.242000
0 0.446000 0.286000 0.514000 0.286000 0.514000 0.354000 0.446000 0.354000
0 0.720000 0.342000 0.916000 0.342000 0.916000 0.538000 0.720000 0.538000