0 0.164000 0.480000 0.204000 0.480000 0.204000 0.520000 0.164000 0.520000
0 0.782000 0.150000 0.886000 0.150000 0.886000 0.254000 0.782000 0.254000
0 0.042000 0.144000 0.238000 0.144000 0.238000 0.340000 0.042000 0.340000
0 0.608000 0.110000 0.736000 0.110000 0.736000 0.238000 0.608000 0.238000
1 0.602000 0.358000 0.567359 0.418000 0.636641 0.418000
0 0.420000 0.530000 0.576000 0.530000 0.576000 0.686000 0.420000 0.686000
1 0.776000 0.758000 0.704409 0.882000 0.847591 0.882000
0 0.208000 0.790000 0.312000 0.790000 0.312000 0.894000 0.208000 0.894000
0 0.584000 0.656000 0.636000 0.656000 0.636000 0.708000 0.584000 0.708000
0 0.444000 0.116000 0.584000 0.116000 0.584000 0.256000 0.444000 0.256000
1 0.806000 0.676000 0.764431 0.748000 0.847569 0.748000
0 0.804000 0.412000 0.900000 0.412000 0.900000 0.508000 0.804000 0.508000
1 0.714000 0.436000 0.679359 0.496000 0.748641 0.496000
1 0.326000 0.572000 0.256718 0.692000 0.395282 0.692000