1 0.842000 0.522000 0.791193 0.610000 0.892807 0.610000
1 0.240000 0.786000 0.170718 0.906000 0.309282 0.906000
0 0.126000 0.182000 0.202000 0.182000 0.202000 0.258000 0.126000 0.258000
0 0.742000 0.082000 0.878000 0.082000 0.878000 0.218000 0.742000 0.218000
1 0.284000 0.310000 0.256287 0.358000 0.311713 0.358000
1 0.562000 0.186000 0.460386 0.362000 0.663614 0.362000
0 0.134000 0.654000 0.182000 0.654000 0.182000 0.702000 0.134000 0.702000
1 0.722000 0.488000 0.652718 0.608000 0.791282 0.608000
0 0.202000 0.548000 0.290000 0.548000 0.290000 0.636000 0.202000 0.636000
1 0.298000 0.404000 0.233337 0.516000 0.362663 0.516000
0 0.432000 0.692000 0.520000 0.692000 0.520000 0.780000 0.432000 0.780000
0 0.722000 0.340000 0.846000 0.340000 0.846000 0.464000 0.722000 0.464000
0 0.428000 0.466000 0.628000 0.466000 0.628000 0.666000 0.428000 0.666000