1 0.522000 0.724000 0.418077 0.904000 0.625923 0.904000
0 0.744000 0.496000 0.888000 0.496000 0.888000 0.640000 0.744000 0.640000
0 0.086000 0.718000 0.254000 0.718000 0.254000 0.886000 0.086000 0.886000
1 0.228000 0.522000 0.195668 0.578000 0.260332 0.578000
0 0.242000 0.140000 0.402000 0.140000 0.402000 0.300000 0.242000 0.300000
1 0.442000 0.220000 0.398121 0.296000 0.485879 0.296000
1 0.752000 0.160000 0.648077 0.340000 0.855923 0.340000
1 0.592000 0.584000 0.541193 0.672000 0.642807 0.672000
1 0.790000 0.766000 0.711480 0.902000 0.868520 0.902000
0 0.444000 0.084000 0.564000 0.084000 0.564000 0.204000 0.444000 0.204000
0 0.428000 0.558000 0.516000 0.558000 0.516000 0.646000 0.428000 0.646000