0 0.514000 0.120000 0.594000 0.120000 0.594000 0.200000 0.514000 0.200000
0 0.606000 0.256000 0.726000 0.256000 0.726000 0.376000 0.606000 0.376000
0 0.250000 0.672000 0.302000 0.672000 0.302000 0.724000 0.250000 0.724000
0 0.378000 0.334000 0.522000 0.334000 0.522000 0.478000 0.378000 0.478000
1 0.336000 0.342000 0.303668 0.398000 0.368332 0.398000
0 0.182000 0.156000 0.254000 0.156000 0.254000 0.228000 0.182000 0.228000
0 0.612000 0.674000 0.804000 0.674000 0.804000 0.866000 0.612000 0.866000
0 0.312000 0.152000 0.360000 0.152000 0.360000 0.200000 0.312000 0.200000
1 0.496000 0.660000 0.408243 0.812000 0.583757 0.812000
0 0.756000 0.064000 0.928000 0.064000 0.928000 0.236000 0.756000 0.236000
1 0.654000 0.536000 0.598574 0.632000 0.709426 0.632000