0 0.808000 0.292000 0.848000 0.292000 0.848000 0.332000 0.808000 0.332000
0 0.082000 0.112000 0.258000 0.112000 0.258000 0.288000 0.082000 0.288000
1 0.764000 0.664000 0.731668 0.720000 0.796332 0.720000
0 0.296000 0.454000 0.416000 0.454000 0.416000 0.574000 0.296000 0.574000
0 0.456000 0.594000 0.644000 0.594000 0.644000 0.782000 0.456000 0.782000
0 0.258000 0.212000 0.350000 0.212000 0.350000 0.304000 0.258000 0.304000
1 0.644000 0.520000 0.616287 0.568000 0.671713 0.568000
1 0.512000 0.102000 0.438099 0.230000 0.585901 0.230000
0 0.304000 0.610000 0.400000 0.610000 0.400000 0.706000 0.304000 0.706000
0 0.400000 0.286000 0.508000 0.286000 0.508000 0.394000 0.400000 0.394000
0 0.160000 0.530000 0.204000 0.530000 0.204000 0.574000 0.160000 0.574000
0 0.648000 0.398000 0.768000 0.398000 0.768000 0.518000 0.648000 0.518000
1 0.748000 0.138000 0.660243 0.290000 0.835757 0.290000