0 0.696000 0.748000 0.764000 0.748000 0.764000 0.816000 0.696000 0.816000
0 0.794000 0.710000 0.914000 0.710000 0.914000 0.830000 0.794000 0.830000
1 0.310000 0.148000 0.270740 0.216000 0.349260 0.216000
1 0.536000 0.328000 0.503668 0.384000 0.568332 0.384000
1 0.614000 0.586000 0.560884 0.678000 0.667116 0.678000
0 0.604000 0.292000 0.724000 0.292000 0.724000 0.412000 0.604000 0.412000
0 0.538000 0.112000 0.646000 0.112000 0.646000 0.220000 0.538000 0.220000
1 0.770000 0.114000 0.677624 0.274000 0.862376 0.274000
0 0.142000 0.474000 0.318000 0.474000 0.318000 0.650000 0.142000 0.650000
1 0.200000 0.740000 0.167668 0.796000 0.232332 0.796000
0 0.230000 0.276000 0.374000 0.276000 0.374000 0.420000 0.230000 0.420000
0 0.664000 0.468000 0.800000 0.468000 0.800000 0.604000 0.664000 0.604000
1 0.586000 0.684000 0.523646 0.792000 0.648354 0.792000