0 0.736000 0.182000 0.828000 0.182000 0.828000 0.274000 0.736000 0.274000
1 0.680000 0.798000 0.638431 0.870000 0.721569 0.870000
0 0.542000 0.360000 0.602000 0.360000 0.602000 0.420000 0.542000 0.420000
0 0.492000 0.344000 0.540000 0.344000 0.540000 0.392000 0.492000 0.392000
0 0.372000 0.640000 0.564000 0.640000 0.564000 0.832000 0.372000 0.832000
0 0.218000 0.748000 0.306000 0.748000 0.306000 0.836000 0.218000 0.836000
0 0.460000 0.198000 0.548000 0.198000 0.548000 0.286000 0.460000 0.286000
1 0.236000 0.552000 0.132077 0.732000 0.339923 0.732000
0 0.728000 0.318000 0.820000 0.318000 0.820000 0.410000 0.728000 0.410000
0 0.308000 0.442000 0.412000 0.442000 0.412000 0.546000 0.308000 0.546000
1 0.436000 0.300000 0.405978 0.352000 0.466022 0.352000
1 0.174000 0.224000 0.074696 0.396000 0.273304 0.396000