1 0.708000 0.424000 0.673359 0.484000 0.742641 0.484000
0 0.344000 0.108000 0.408000 0.108000 0.408000 0.172000 0.344000 0.172000
1 0.202000 0.198000 0.171978 0.250000 0.232022 0.250000
0 0.526000 0.210000 0.582000 0.210000 0.582000 0.266000 0.526000 0.266000
1 0.644000 0.576000 0.609359 0.636000 0.678641 0.636000
0 0.484000 0.630000 0.600000 0.630000 0.600000 0.746000 0.484000 0.746000
0 0.368000 0.764000 0.476000 0.764000 0.476000 0.872000 0.368000 0.872000
1 0.416000 0.426000 0.349027 0.542000 0.482973 0.542000
0 0.214000 0.532000 0.334000 0.532000 0.334000 0.652000 0.214000 0.652000
1 0.680000 0.194000 0.647668 0.250000 0.712332 0.250000
0 0.408000 0.234000 0.524000 0.234000 0.524000 0.350000 0.408000 0.350000
1 0.810000 0.106000 0.754574 0.202000 0.865426 0.202000