1 0.560000 0.242000 0.506884 0.334000 0.613116 0.334000
0 0.342000 0.590000 0.434000 0.590000 0.434000 0.682000 0.342000 0.682000
1 0.648000 0.780000 0.613359 0.840000 0.682641 0.840000
1 0.226000 0.786000 0.163646 0.894000 0.288354 0.894000
0 0.260000 0.334000 0.300000 0.334000 0.300000 0.374000 0.260000 0.374000
0 0.310000 0.206000 0.494000 0.206000 0.494000 0.390000 0.310000 0.390000
0 0.708000 0.150000 0.772000 0.150000 0.772000 0.214000 0.708000 0.214000
1 0.338000 0.772000 0.310287 0.820000 0.365713 0.820000
1 0.714000 0.604000 0.651646 0.712000 0.776354 0.712000
0 0.152000 0.420000 0.316000 0.420000 0.316000 0.584000 0.152000 0.584000
1 0.270000 0.598000 0.235359 0.658000 0.304641 0.658000
1 0.654000 0.466000 0.614740 0.534000 0.693260 0.534000