0 0.538000 0.672000 0.666000 0.672000 0.666000 0.800000 0.538000 0.800000
1 0.240000 0.732000 0.184574 0.828000 0.295426 0.828000
0 0.246000 0.104000 0.390000 0.104000 0.390000 0.248000 0.246000 0.248000
1 0.526000 0.316000 0.479812 0.396000 0.572188 0.396000
1 0.486000 0.072000 0.377458 0.260000 0.594542 0.260000
0 0.414000 0.510000 0.546000 0.510000 0.546000 0.642000 0.414000 0.642000
0 0.758000 0.208000 0.830000 0.208000 0.830000 0.280000 0.758000 0.280000
0 0.794000 0.408000 0.910000 0.408000 0.910000 0.524000 0.794000 0.524000
1 0.830000 0.552000 0.804597 0.596000 0.855403 0.596000
1 0.412000 0.694000 0.375050 0.758000 0.448950 0.758000
1 0.172000 0.292000 0.111956 0.396000 0.232044 0.396000
1 0.688000 0.308000 0.655668 0.364000 0.720332 0.364000
1 0.272000 0.560000 0.181933 0.716000 0.362067 0.716000
1 0.480000 0.786000 0.433812 0.866000 0.526188 0.866000