0 0.326000 0.380000 0.390000 0.380000 0.390000 0.444000 0.326000 0.444000
0 0.348000 0.766000 0.536000 0.766000 0.536000 0.954000 0.348000 0.954000
0 0.168000 0.458000 0.216000 0.458000 0.216000 0.506000 0.168000 0.506000
1 0.630000 0.654000 0.567646 0.762000 0.692354 0.762000
1 0.470000 0.222000 0.414574 0.318000 0.525426 0.318000
0 0.770000 0.272000 0.814000 0.272000 0.814000 0.316000 0.770000 0.316000
0 0.748000 0.422000 0.944000 0.422000 0.944000 0.618000 0.748000 0.618000
0 0.360000 0.570000 0.540000 0.570000 0.540000 0.750000 0.360000 0.750000
0 0.716000 0.752000 0.776000 0.752000 0.776000 0.812000 0.716000 0.812000
0 0.198000 0.712000 0.262000 0.712000 0.262000 0.776000 0.198000 0.776000
0 0.420000 0.342000 0.504000 0.342000 0.504000 0.426000 0.420000 0.426000
1 0.826000 0.324000 0.802906 0.364000 0.849094 0.364000
0 0.250000 0.142000 0.342000 0.142000 0.342000 0.234000 0.250000 0.234000