1 0.208000 0.664000 0.157193 0.752000 0.258807 0.752000
0 0.426000 0.454000 0.550000 0.454000 0.550000 0.578000 0.426000 0.578000
0 0.732000 0.622000 0.800000 0.622000 0.800000 0.690000 0.732000 0.690000
0 0.516000 0.178000 0.588000 0.178000 0.588000 0.250000 0.516000 0.250000
0 0.706000 0.774000 0.754000 0.774000 0.754000 0.822000 0.706000 0.822000
0 0.536000 0.702000 0.688000 0.702000 0.688000 0.854000 0.536000 0.854000
0 0.112000 0.586000 0.180000 0.586000 0.180000 0.654000 0.112000 0.654000
0 0.114000 0.324000 0.214000 0.324000 0.214000 0.424000 0.114000 0.424000
0 0.124000 0.068000 0.280000 0.068000 0.280000 0.224000 0.124000 0.224000
0 0.208000 0.790000 0.336000 0.790000 0.336000 0.918000 0.208000 0.918000
0 0.640000 0.410000 0.716000 0.410000 0.716000 0.486000 0.640000 0.486000
1 0.400000 0.226000 0.321480 0.362000 0.478520 0.362000