0 0.188000 0.440000 0.304000 0.440000 0.304000 0.556000 0.188000 0.556000
0 0.442000 0.562000 0.542000 0.562000 0.542000 0.662000 0.442000 0.662000
0 0.796000 0.132000 0.896000 0.132000 0.896000 0.232000 0.796000 0.232000
0 0.690000 0.758000 0.730000 0.758000 0.730000 0.798000 0.690000 0.798000
1 0.828000 0.714000 0.751790 0.846000 0.904210 0.846000
1 0.566000 0.780000 0.499027 0.896000 0.632973 0.896000
0 0.296000 0.642000 0.368000 0.642000 0.368000 0.714000 0.296000 0.714000
1 0.452000 0.236000 0.396574 0.332000 0.507426 0.332000
1 0.632000 0.548000 0.565027 0.664000 0.698973 0.664000
1 0.284000 0.250000 0.175458 0.438000 0.392542 0.438000
0 0.248000 0.722000 0.352000 0.722000 0.352000 0.826000 0.248000 0.826000