0 0.150000 0.762000 0.190000 0.762000 0.190000 0.802000 0.150000 0.802000
0 0.496000 0.612000 0.696000 0.612000 0.696000 0.812000 0.496000 0.812000
1 0.464000 0.666000 0.440906 0.706000 0.487094 0.706000
1 0.198000 0.150000 0.105624 0.310000 0.290376 0.310000
1 0.664000 0.192000 0.583171 0.332000 0.744829 0.332000
0 0.096000 0.474000 0.204000 0.474000 0.204000 0.582000 0.096000 0.582000
1 0.242000 0.700000 0.202740 0.768000 0.281260 0.768000
1 0.754000 0.394000 0.640839 0.590000 0.867161 0.590000
0 0.744000 0.160000 0.824000 0.160000 0.824000 0.240000 0.744000 0.240000
1 0.420000 0.770000 0.387668 0.826000 0.452332 0.826000
0 0.312000 0.316000 0.488000 0.316000 0.488000 0.492000 0.312000 0.492000
0 0.376000 0.142000 0.476000 0.142000 0.476000 0.242000 0.376000 0.242000