1 0.178000 0.400000 0.152597 0.444000 0.203403 0.444000
0 0.742000 0.398000 0.942000 0.398000 0.942000 0.598000 0.742000 0.598000
0 0.484000 0.712000 0.604000 0.712000 0.604000 0.832000 0.484000 0.832000
1 0.816000 0.632000 0.714386 0.808000 0.917614 0.808000
1 0.156000 0.168000 0.061315 0.332000 0.250685 0.332000
1 0.442000 0.340000 0.414287 0.388000 0.469713 0.388000
1 0.150000 0.658000 0.099193 0.746000 0.200807 0.746000
0 0.666000 0.282000 0.762000 0.282000 0.762000 0.378000 0.666000 0.378000
1 0.514000 0.170000 0.490906 0.210000 0.537094 0.210000
0 0.538000 0.520000 0.630000 0.520000 0.630000 0.612000 0.538000 0.612000
0 0.806000 0.144000 0.874000 0.144000 0.874000 0.212000 0.806000 0.212000
1 0.372000 0.632000 0.348906 0.672000 0.395094 0.672000
1 0.288000 0.242000 0.255668 0.298000 0.320332 0.298000