1 0.402000 0.744000 0.332718 0.864000 0.471282 0.864000
0 0.500000 0.588000 0.588000 0.588000 0.588000 0.676000 0.500000 0.676000
1 0.658000 0.334000 0.618740 0.402000 0.697260 0.402000
1 0.828000 0.484000 0.737933 0.640000 0.918067 0.640000
1 0.336000 0.302000 0.236696 0.474000 0.435304 0.474000
1 0.184000 0.708000 0.070839 0.904000 0.297161 0.904000
1 0.814000 0.298000 0.770121 0.374000 0.857879 0.374000
0 0.644000 0.726000 0.816000 0.726000 0.816000 0.898000 0.644000 0.898000
0 0.282000 0.640000 0.374000 0.640000 0.374000 0.732000 0.282000 0.732000
0 0.690000 0.584000 0.746000 0.584000 0.746000 0.640000 0.690000 0.640000
0 0.600000 0.090000 0.728000 0.090000 0.728000 0.218000 0.600000 0.218000