1 0.678000 0.436000 0.611027 0.552000 0.744973 0.552000
0 0.402000 0.264000 0.446000 0.264000 0.446000 0.308000 0.402000 0.308000
1 0.452000 0.586000 0.415050 0.650000 0.488950 0.650000
1 0.282000 0.788000 0.217337 0.900000 0.346663 0.900000
1 0.742000 0.348000 0.709668 0.404000 0.774332 0.404000
1 0.792000 0.596000 0.764287 0.644000 0.819713 0.644000
0 0.822000 0.668000 0.866000 0.668000 0.866000 0.712000 0.822000 0.712000
0 0.536000 0.074000 0.720000 0.074000 0.720000 0.258000 0.536000 0.258000
0 0.752000 0.238000 0.840000 0.238000 0.840000 0.326000 0.752000 0.326000
0 0.380000 0.724000 0.572000 0.724000 0.572000 0.916000 0.380000 0.916000
0 0.238000 0.298000 0.382000 0.298000 0.382000 0.442000 0.238000 0.442000