1 0.678000 0.644000 0.641050 0.708000 0.714950 0.708000
0 0.820000 0.330000 0.892000 0.330000 0.892000 0.402000 0.820000 0.402000
0 0.480000 0.082000 0.608000 0.082000 0.608000 0.210000 0.480000 0.210000
0 0.258000 0.626000 0.342000 0.626000 0.342000 0.710000 0.258000 0.710000
1 0.824000 0.592000 0.747790 0.724000 0.900210 0.724000
0 0.216000 0.738000 0.320000 0.738000 0.320000 0.842000 0.216000 0.842000
0 0.588000 0.414000 0.756000 0.414000 0.756000 0.582000 0.588000 0.582000
1 0.382000 0.106000 0.303480 0.242000 0.460520 0.242000
0 0.130000 0.386000 0.294000 0.386000 0.294000 0.550000 0.130000 0.550000
0 0.622000 0.786000 0.742000 0.786000 0.742000 0.906000 0.622000 0.906000
1 0.264000 0.120000 0.213193 0.208000 0.314807 0.208000
0 0.746000 0.220000 0.834000 0.220000 0.834000 0.308000 0.746000 0.308000
1 0.174000 0.784000 0.148597 0.828000 0.199403 0.828000
1 0.448000 0.684000 0.357933 0.840000 0.538067 0.840000