1 0.632000 0.556000 0.551171 0.696000 0.712829 0.696000
1 0.402000 0.178000 0.325790 0.310000 0.478210 0.310000
0 0.718000 0.722000 0.778000 0.722000 0.778000 0.782000 0.718000 0.782000
0 0.768000 0.516000 0.936000 0.516000 0.936000 0.684000 0.768000 0.684000
1 0.656000 0.362000 0.579790 0.494000 0.732210 0.494000
0 0.136000 0.144000 0.324000 0.144000 0.324000 0.332000 0.136000 0.332000
1 0.610000 0.134000 0.503768 0.318000 0.716232 0.318000
1 0.202000 0.386000 0.116552 0.534000 0.287448 0.534000
0 0.186000 0.816000 0.246000 0.816000 0.246000 0.876000 0.186000 0.876000
0 0.170000 0.564000 0.370000 0.564000 0.370000 0.764000 0.170000 0.764000
0 0.386000 0.692000 0.502000 0.692000 0.502000 0.808000 0.386000 0.808000
1 0.436000 0.452000 0.392121 0.528000 0.479879 0.528000