0 0.158000 0.598000 0.342000 0.598000 0.342000 0.782000 0.158000 0.782000
0 0.508000 0.524000 0.552000 0.524000 0.552000 0.568000 0.508000 0.568000
0 0.676000 0.658000 0.856000 0.658000 0.856000 0.838000 0.676000 0.838000
1 0.824000 0.430000 0.757027 0.546000 0.890973 0.546000
0 0.584000 0.262000 0.748000 0.262000 0.748000 0.426000 0.584000 0.426000
1 0.370000 0.288000 0.337668 0.344000 0.402332 0.344000
0 0.416000 0.188000 0.560000 0.188000 0.560000 0.332000 0.416000 0.332000
0 0.350000 0.548000 0.474000 0.548000 0.474000 0.672000 0.350000 0.672000
0 0.408000 0.358000 0.504000 0.358000 0.504000 0.454000 0.408000 0.454000
0 0.798000 0.132000 0.842000 0.132000 0.842000 0.176000 0.798000 0.176000
1 0.234000 0.236000 0.173956 0.340000 0.294044 0.340000