1 0.520000 0.616000 0.420696 0.788000 0.619304 0.788000
1 0.560000 0.058000 0.453768 0.242000 0.666232 0.242000
1 0.160000 0.234000 0.125359 0.294000 0.194641 0.294000
0 0.310000 0.492000 0.430000 0.492000 0.430000 0.612000 0.310000 0.612000
0 0.494000 0.270000 0.638000 0.270000 0.638000 0.414000 0.494000 0.414000
0 0.372000 0.268000 0.484000 0.268000 0.484000 0.380000 0.372000 0.380000
0 0.160000 0.324000 0.320000 0.324000 0.320000 0.484000 0.160000 0.484000
0 0.784000 0.394000 0.936000 0.394000 0.936000 0.546000 0.784000 0.546000
0 0.116000 0.674000 0.172000 0.674000 0.172000 0.730000 0.116000 0.730000
1 0.814000 0.656000 0.765503 0.740000 0.862497 0.740000
1 0.456000 0.408000 0.432906 0.448000 0.479094 0.448000
1 0.796000 0.314000 0.756740 0.382000 0.835260 0.382000
0 0.370000 0.396000 0.430000 0.396000 0.430000 0.456000 0.370000 0.456000