1 0.206000 0.400000 0.178287 0.448000 0.233713 0.448000
0 0.780000 0.396000 0.828000 0.396000 0.828000 0.444000 0.780000 0.444000
0 0.364000 0.174000 0.436000 0.174000 0.436000 0.246000 0.364000 0.246000
1 0.636000 0.454000 0.605978 0.506000 0.666022 0.506000
0 0.502000 0.626000 0.646000 0.626000 0.646000 0.770000 0.502000 0.770000
1 0.388000 0.390000 0.357978 0.442000 0.418022 0.442000
1 0.508000 0.136000 0.464121 0.212000 0.551879 0.212000
1 0.314000 0.686000 0.279359 0.746000 0.348641 0.746000
1 0.426000 0.450000 0.386740 0.518000 0.465260 0.518000
0 0.668000 0.384000 0.716000 0.384000 0.716000 0.432000 0.668000 0.432000
1 0.190000 0.240000 0.132265 0.340000 0.247735 0.340000
1 0.796000 0.310000 0.759050 0.374000 0.832950 0.374000
1 0.746000 0.734000 0.649005 0.902000 0.842995 0.902000