1 0.152000 0.432000 0.108121 0.508000 0.195879 0.508000
0 0.108000 0.280000 0.248000 0.280000 0.248000 0.420000 0.108000 0.420000
0 0.802000 0.804000 0.846000 0.804000 0.846000 0.848000 0.802000 0.848000
0 0.576000 0.504000 0.696000 0.504000 0.696000 0.624000 0.576000 0.624000
1 0.760000 0.772000 0.716121 0.848000 0.803879 0.848000
0 0.382000 0.762000 0.454000 0.762000 0.454000 0.834000 0.382000 0.834000
1 0.212000 0.724000 0.172740 0.792000 0.251260 0.792000
1 0.860000 0.582000 0.788409 0.706000 0.931591 0.706000
1 0.572000 0.690000 0.495790 0.822000 0.648210 0.822000
1 0.630000 0.164000 0.602287 0.212000 0.657713 0.212000
0 0.070000 0.528000 0.238000 0.528000 0.238000 0.696000 0.070000 0.696000
1 0.374000 0.066000 0.263149 0.258000 0.484851 0.258000