0 0.268000 0.370000 0.356000 0.370000 0.356000 0.458000 0.268000 0.458000
1 0.174000 0.168000 0.065458 0.356000 0.282542 0.356000
1 0.462000 0.644000 0.422740 0.712000 0.501260 0.712000
0 0.738000 0.088000 0.914000 0.088000 0.914000 0.264000 0.738000 0.264000
1 0.582000 0.350000 0.501171 0.490000 0.662829 0.490000
0 0.186000 0.624000 0.338000 0.624000 0.338000 0.776000 0.186000 0.776000
0 0.452000 0.078000 0.636000 0.078000 0.636000 0.262000 0.452000 0.262000
1 0.826000 0.688000 0.768265 0.788000 0.883735 0.788000
1 0.280000 0.482000 0.236121 0.558000 0.323879 0.558000
1 0.760000 0.374000 0.706884 0.466000 0.813116 0.466000
0 0.400000 0.260000 0.452000 0.260000 0.452000 0.312000 0.400000 0.312000