0 0.318000 0.202000 0.374000 0.202000 0.374000 0.258000 0.318000 0.258000
0 0.174000 0.534000 0.274000 0.534000 0.274000 0.634000 0.174000 0.634000
1 0.174000 0.188000 0.132431 0.260000 0.215569 0.260000
0 0.636000 0.400000 0.688000 0.400000 0.688000 0.452000 0.636000 0.452000
1 0.342000 0.402000 0.311978 0.454000 0.372022 0.454000
1 0.500000 0.184000 0.474597 0.228000 0.525403 0.228000
1 0.390000 0.820000 0.348431 0.892000 0.431569 0.892000
0 0.746000 0.718000 0.894000 0.718000 0.894000 0.866000 0.746000 0.866000
1 0.720000 0.058000 0.606839 0.254000 0.833161 0.254000
0 0.522000 0.560000 0.654000 0.560000 0.654000 0.692000 0.522000 0.692000
0 0.264000 0.686000 0.368000 0.686000 0.368000 0.790000 0.264000 0.790000
1 0.646000 0.732000 0.544386 0.908000 0.747614 0.908000
0 0.300000 0.540000 0.360000 0.540000 0.360000 0.600000 0.300000 0.600000