0 0.148000 0.170000 0.228000 0.170000 0.228000 0.250000 0.148000 0.250000
0 0.738000 0.120000 0.810000 0.120000 0.810000 0.192000 0.738000 0.192000
1 0.616000 0.150000 0.583668 0.206000 0.648332 0.206000
0 0.764000 0.258000 0.916000 0.258000 0.916000 0.410000 0.764000 0.410000
1 0.510000 0.526000 0.466121 0.602000 0.553879 0.602000
1 0.734000 0.590000 0.683193 0.678000 0.784807 0.678000
1 0.772000 0.826000 0.739668 0.882000 0.804332 0.882000
0 0.082000 0.470000 0.198000 0.470000 0.198000 0.586000 0.082000 0.586000
0 0.458000 0.142000 0.578000 0.142000 0.578000 0.262000 0.458000 0.262000
0 0.334000 0.412000 0.426000 0.412000 0.426000 0.504000 0.334000 0.504000
1 0.786000 0.470000 0.758287 0.518000 0.813713 0.518000
1 0.608000 0.544000 0.580287 0.592000 0.635713 0.592000
0 0.230000 0.112000 0.410000 0.112000 0.410000 0.292000 0.230000 0.292000