1 0.394000 0.524000 0.359359 0.584000 0.428641 0.584000
1 0.246000 0.102000 0.202121 0.178000 0.289879 0.178000
0 0.112000 0.702000 0.264000 0.702000 0.264000 0.854000 0.112000 0.854000
0 0.522000 0.772000 0.662000 0.772000 0.662000 0.912000 0.522000 0.912000
0 0.488000 0.336000 0.556000 0.336000 0.556000 0.404000 0.488000 0.404000
0 0.246000 0.584000 0.358000 0.584000 0.358000 0.696000 0.246000 0.696000
0 0.150000 0.340000 0.206000 0.340000 0.206000 0.396000 0.150000 0.396000
1 0.644000 0.084000 0.563171 0.224000 0.724829 0.224000
1 0.324000 0.290000 0.208530 0.490000 0.439470 0.490000
1 0.792000 0.658000 0.690386 0.834000 0.893614 0.834000
1 0.854000 0.440000 0.807812 0.520000 0.900188 0.520000