0 0.104000 0.554000 0.180000 0.554000 0.180000 0.630000 0.104000 0.630000
0 0.464000 0.156000 0.504000 0.156000 0.504000 0.196000 0.464000 0.196000
0 0.594000 0.368000 0.770000 0.368000 0.770000 0.544000 0.594000 0.544000
1 0.436000 0.354000 0.334386 0.530000 0.537614 0.530000
1 0.294000 0.092000 0.187768 0.276000 0.400232 0.276000
1 0.454000 0.664000 0.387027 0.780000 0.520973 0.780000
0 0.470000 0.228000 0.594000 0.228000 0.594000 0.352000 0.470000 0.352000
0 0.704000 0.718000 0.820000 0.718000 0.820000 0.834000 0.704000 0.834000
1 0.268000 0.594000 0.189480 0.730000 0.346520 0.730000
1 0.192000 0.422000 0.131956 0.526000 0.252044 0.526000
0 0.468000 0.788000 0.544000 0.788000 0.544000 0.864000 0.468000 0.864000
0 0.736000 0.154000 0.908000 0.154000 0.908000 0.326000 0.736000 0.326000