0 0.768000 0.082000 0.912000 0.082000 0.912000 0.226000 0.768000 0.226000
1 0.278000 0.146000 0.238740 0.214000 0.317260 0.214000
1 0.180000 0.654000 0.122265 0.754000 0.237735 0.754000
1 0.190000 0.514000 0.129956 0.618000 0.250044 0.618000
1 0.658000 0.086000 0.567933 0.242000 0.748067 0.242000
0 0.246000 0.626000 0.330000 0.626000 0.330000 0.710000 0.246000 0.710000
1 0.712000 0.330000 0.658884 0.422000 0.765116 0.422000
0 0.434000 0.178000 0.510000 0.178000 0.510000 0.254000 0.434000 0.254000
1 0.848000 0.394000 0.751005 0.562000 0.944995 0.562000
1 0.594000 0.308000 0.510862 0.452000 0.677138 0.452000
1 0.354000 0.326000 0.273171 0.466000 0.434829 0.466000
0 0.340000 0.596000 0.540000 0.596000 0.540000 0.796000 0.340000 0.796000
1 0.230000 0.786000 0.160718 0.906000 0.299282 0.906000
1 0.714000 0.752000 0.617005 0.920000 0.810995 0.920000