0 0.364000 0.216000 0.444000 0.216000 0.444000 0.296000 0.364000 0.296000
0 0.412000 0.754000 0.576000 0.754000 0.576000 0.918000 0.412000 0.918000
1 0.174000 0.600000 0.146287 0.648000 0.201713 0.648000
0 0.090000 0.300000 0.230000 0.300000 0.230000 0.440000 0.090000 0.440000
0 0.188000 0.088000 0.356000 0.088000 0.356000 0.256000 0.188000 0.256000
0 0.430000 0.474000 0.526000 0.474000 0.526000 0.570000 0.430000 0.570000
1 0.558000 0.602000 0.495646 0.710000 0.620354 0.710000
0 0.820000 0.686000 0.892000 0.686000 0.892000 0.758000 0.820000 0.758000
1 0.350000 0.410000 0.259933 0.566000 0.440067 0.566000
0 0.536000 0.304000 0.732000 0.304000 0.732000 0.500000 0.536000 0.500000
1 0.776000 0.678000 0.734431 0.750000 0.817569 0.750000