0 0.136000 0.810000 0.224000 0.810000 0.224000 0.898000 0.136000 0.898000
0 0.182000 0.706000 0.286000 0.706000 0.286000 0.810000 0.182000 0.810000
1 0.192000 0.620000 0.168906 0.660000 0.215094 0.660000
1 0.350000 0.320000 0.317668 0.376000 0.382332 0.376000
0 0.474000 0.574000 0.522000 0.574000 0.522000 0.622000 0.474000 0.622000
0 0.788000 0.452000 0.872000 0.452000 0.872000 0.536000 0.788000 0.536000
0 0.454000 0.164000 0.598000 0.164000 0.598000 0.308000 0.454000 0.308000
0 0.626000 0.408000 0.782000 0.408000 0.782000 0.564000 0.626000 0.564000
0 0.232000 0.168000 0.332000 0.168000 0.332000 0.268000 0.232000 0.268000
1 0.220000 0.412000 0.104530 0.612000 0.335470 0.612000
1 0.564000 0.812000 0.536287 0.860000 0.591713 0.860000