0 0.596000 0.196000 0.664000 0.196000 0.664000 0.264000 0.596000 0.264000
0 0.752000 0.384000 0.828000 0.384000 0.828000 0.460000 0.752000 0.460000
1 0.592000 0.806000 0.559668 0.862000 0.624332 0.862000
1 0.472000 0.762000 0.409646 0.870000 0.534354 0.870000
0 0.738000 0.500000 0.842000 0.500000 0.842000 0.604000 0.738000 0.604000
0 0.454000 0.434000 0.526000 0.434000 0.526000 0.506000 0.454000 0.506000
0 0.072000 0.278000 0.216000 0.278000 0.216000 0.422000 0.072000 0.422000
0 0.660000 0.408000 0.724000 0.408000 0.724000 0.472000 0.660000 0.472000
0 0.110000 0.082000 0.254000 0.082000 0.254000 0.226000 0.110000 0.226000
1 0.324000 0.538000 0.215458 0.726000 0.432542 0.726000
1 0.668000 0.780000 0.614884 0.872000 0.721116 0.872000
1 0.852000 0.712000 0.796574 0.808000 0.907426 0.808000
0 0.684000 0.108000 0.864000 0.108000 0.864000 0.288000 0.684000 0.288000