0 0.822000 0.630000 0.878000 0.630000 0.878000 0.686000 0.822000 0.686000
1 0.732000 0.212000 0.697359 0.272000 0.766641 0.272000
0 0.682000 0.534000 0.814000 0.534000 0.814000 0.666000 0.682000 0.666000
0 0.502000 0.774000 0.574000 0.774000 0.574000 0.846000 0.502000 0.846000
0 0.120000 0.366000 0.268000 0.366000 0.268000 0.514000 0.120000 0.514000
0 0.632000 0.384000 0.696000 0.384000 0.696000 0.448000 0.632000 0.448000
1 0.376000 0.662000 0.262839 0.858000 0.489161 0.858000
0 0.654000 0.816000 0.698000 0.816000 0.698000 0.860000 0.654000 0.860000
1 0.366000 0.192000 0.299027 0.308000 0.432973 0.308000
0 0.520000 0.550000 0.632000 0.550000 0.632000 0.662000 0.520000 0.662000
0 0.720000 0.294000 0.828000 0.294000 0.828000 0.402000 0.720000 0.402000
0 0.484000 0.178000 0.676000 0.178000 0.676000 0.370000 0.484000 0.370000
0 0.172000 0.690000 0.228000 0.690000 0.228000 0.746000 0.172000 0.746000