0 0.394000 0.700000 0.490000 0.700000 0.490000 0.796000 0.394000 0.796000
0 0.610000 0.522000 0.658000 0.522000 0.658000 0.570000 0.610000 0.570000
0 0.662000 0.480000 0.718000 0.480000 0.718000 0.536000 0.662000 0.536000
1 0.816000 0.574000 0.709768 0.758000 0.922232 0.758000
1 0.344000 0.462000 0.265480 0.598000 0.422520 0.598000
1 0.700000 0.188000 0.612243 0.340000 0.787757 0.340000
1 0.840000 0.126000 0.782265 0.226000 0.897735 0.226000
0 0.176000 0.768000 0.292000 0.768000 0.292000 0.884000 0.176000 0.884000
1 0.538000 0.590000 0.484884 0.682000 0.591116 0.682000
1 0.268000 0.304000 0.228740 0.372000 0.307260 0.372000
0 0.554000 0.162000 0.606000 0.162000 0.606000 0.214000 0.554000 0.214000