1 0.186000 0.478000 0.146740 0.546000 0.225260 0.546000
0 0.388000 0.682000 0.428000 0.682000 0.428000 0.722000 0.388000 0.722000
1 0.480000 0.600000 0.426884 0.692000 0.533116 0.692000
0 0.260000 0.332000 0.340000 0.332000 0.340000 0.412000 0.260000 0.412000
0 0.656000 0.438000 0.776000 0.438000 0.776000 0.558000 0.656000 0.558000
0 0.134000 0.290000 0.206000 0.290000 0.206000 0.362000 0.134000 0.362000
1 0.436000 0.752000 0.334386 0.928000 0.537614 0.928000
1 0.666000 0.278000 0.635978 0.330000 0.696022 0.330000
0 0.656000 0.210000 0.708000 0.210000 0.708000 0.262000 0.656000 0.262000
0 0.784000 0.250000 0.912000 0.250000 0.912000 0.378000 0.784000 0.378000
1 0.534000 0.264000 0.464718 0.384000 0.603282 0.384000
1 0.762000 0.762000 0.731978 0.814000 0.792022 0.814000
0 0.588000 0.498000 0.636000 0.498000 0.636000 0.546000 0.588000 0.546000