1 0.528000 0.074000 0.433315 0.238000 0.622685 0.238000
0 0.272000 0.548000 0.328000 0.548000 0.328000 0.604000 0.272000 0.604000
1 0.364000 0.536000 0.329359 0.596000 0.398641 0.596000
0 0.110000 0.684000 0.186000 0.684000 0.186000 0.760000 0.110000 0.760000
1 0.736000 0.604000 0.655171 0.744000 0.816829 0.744000
0 0.388000 0.620000 0.552000 0.620000 0.552000 0.784000 0.388000 0.784000
1 0.240000 0.332000 0.156862 0.476000 0.323138 0.476000
0 0.348000 0.324000 0.396000 0.324000 0.396000 0.372000 0.348000 0.372000
1 0.352000 0.180000 0.285027 0.296000 0.418973 0.296000
0 0.800000 0.310000 0.872000 0.310000 0.872000 0.382000 0.800000 0.382000
1 0.328000 0.746000 0.272574 0.842000 0.383426 0.842000