1 0.328000 0.204000 0.254099 0.332000 0.401901 0.332000
1 0.478000 0.336000 0.413337 0.448000 0.542663 0.448000
1 0.852000 0.396000 0.759624 0.556000 0.944376 0.556000
0 0.110000 0.256000 0.254000 0.256000 0.254000 0.400000 0.110000 0.400000
1 0.620000 0.628000 0.513768 0.812000 0.726232 0.812000
0 0.492000 0.520000 0.588000 0.520000 0.588000 0.616000 0.492000 0.616000
0 0.242000 0.418000 0.294000 0.418000 0.294000 0.470000 0.242000 0.470000
0 0.248000 0.472000 0.440000 0.472000 0.440000 0.664000 0.248000 0.664000
0 0.414000 0.826000 0.462000 0.826000 0.462000 0.874000 0.414000 0.874000
0 0.098000 0.668000 0.258000 0.668000 0.258000 0.828000 0.098000 0.828000
1 0.358000 0.708000 0.323359 0.768000 0.392641 0.768000
1 0.618000 0.312000 0.564884 0.404000 0.671116 0.404000