1 0.644000 0.688000 0.590884 0.780000 0.697116 0.780000
1 0.452000 0.480000 0.424287 0.528000 0.479713 0.528000
1 0.772000 0.578000 0.744287 0.626000 0.799713 0.626000
0 0.124000 0.492000 0.196000 0.492000 0.196000 0.564000 0.124000 0.564000
0 0.592000 0.512000 0.636000 0.512000 0.636000 0.556000 0.592000 0.556000
0 0.762000 0.186000 0.938000 0.186000 0.938000 0.362000 0.762000 0.362000
1 0.284000 0.440000 0.242431 0.512000 0.325569 0.512000
1 0.162000 0.092000 0.097337 0.204000 0.226663 0.204000
1 0.676000 0.480000 0.634431 0.552000 0.717569 0.552000
1 0.522000 0.184000 0.448099 0.312000 0.595901 0.312000
0 0.400000 0.560000 0.532000 0.560000 0.532000 0.692000 0.400000 0.692000
1 0.356000 0.288000 0.300574 0.384000 0.411426 0.384000
0 0.728000 0.642000 0.816000 0.642000 0.816000 0.730000 0.728000 0.730000
1 0.352000 0.718000 0.303503 0.802000 0.400497 0.802000