0 0.626000 0.436000 0.738000 0.436000 0.738000 0.548000 0.626000 0.548000
1 0.612000 0.746000 0.515005 0.914000 0.708995 0.914000
1 0.560000 0.228000 0.483790 0.360000 0.636210 0.360000
0 0.750000 0.606000 0.874000 0.606000 0.874000 0.730000 0.750000 0.730000
1 0.204000 0.484000 0.141646 0.592000 0.266354 0.592000
1 0.434000 0.406000 0.401668 0.462000 0.466332 0.462000
1 0.548000 0.570000 0.499503 0.654000 0.596497 0.654000
0 0.248000 0.172000 0.356000 0.172000 0.356000 0.280000 0.248000 0.280000
0 0.768000 0.176000 0.848000 0.176000 0.848000 0.256000 0.768000 0.256000
0 0.638000 0.162000 0.766000 0.162000 0.766000 0.290000 0.638000 0.290000
1 0.830000 0.460000 0.765337 0.572000 0.894663 0.572000
1 0.256000 0.610000 0.154386 0.786000 0.357614 0.786000
1 0.448000 0.590000 0.411050 0.654000 0.484950 0.654000
1 0.648000 0.626000 0.608740 0.694000 0.687260 0.694000