1 0.306000 0.776000 0.252884 0.868000 0.359116 0.868000
0 0.204000 0.734000 0.248000 0.734000 0.248000 0.778000 0.204000 0.778000
1 0.320000 0.122000 0.285359 0.182000 0.354641 0.182000
0 0.400000 0.076000 0.596000 0.076000 0.596000 0.272000 0.400000 0.272000
1 0.774000 0.542000 0.709337 0.654000 0.838663 0.654000
1 0.146000 0.480000 0.109050 0.544000 0.182950 0.544000
1 0.434000 0.410000 0.371646 0.518000 0.496354 0.518000
1 0.820000 0.230000 0.757646 0.338000 0.882354 0.338000
1 0.628000 0.424000 0.577193 0.512000 0.678807 0.512000
1 0.276000 0.508000 0.167458 0.696000 0.384542 0.696000
0 0.184000 0.326000 0.340000 0.326000 0.340000 0.482000 0.184000 0.482000
0 0.550000 0.620000 0.658000 0.620000 0.658000 0.728000 0.550000 0.728000