1 0.460000 0.530000 0.427668 0.586000 0.492332 0.586000
0 0.260000 0.162000 0.360000 0.162000 0.360000 0.262000 0.260000 0.262000
1 0.556000 0.112000 0.498265 0.212000 0.613735 0.212000
1 0.484000 0.242000 0.391624 0.402000 0.576376 0.402000
1 0.780000 0.130000 0.724574 0.226000 0.835426 0.226000
1 0.672000 0.304000 0.625812 0.384000 0.718188 0.384000
1 0.398000 0.102000 0.354121 0.178000 0.441879 0.178000
0 0.720000 0.250000 0.884000 0.250000 0.884000 0.414000 0.720000 0.414000
0 0.368000 0.684000 0.520000 0.684000 0.520000 0.836000 0.368000 0.836000
1 0.168000 0.636000 0.064077 0.816000 0.271923 0.816000
1 0.326000 0.292000 0.259027 0.408000 0.392973 0.408000
0 0.568000 0.572000 0.752000 0.572000 0.752000 0.756000 0.568000 0.756000
0 0.270000 0.444000 0.366000 0.444000 0.366000 0.540000 0.270000 0.540000