1 0.368000 0.432000 0.277933 0.588000 0.458067 0.588000
1 0.734000 0.476000 0.687812 0.556000 0.780188 0.556000
0 0.154000 0.376000 0.202000 0.376000 0.202000 0.424000 0.154000 0.424000
0 0.540000 0.348000 0.668000 0.348000 0.668000 0.476000 0.540000 0.476000
0 0.426000 0.144000 0.626000 0.144000 0.626000 0.344000 0.426000 0.344000
0 0.210000 0.610000 0.326000 0.610000 0.326000 0.726000 0.210000 0.726000
1 0.410000 0.828000 0.377668 0.884000 0.442332 0.884000
0 0.672000 0.382000 0.728000 0.382000 0.728000 0.438000 0.672000 0.438000
1 0.170000 0.756000 0.103027 0.872000 0.236973 0.872000
1 0.686000 0.698000 0.607480 0.834000 0.764520 0.834000
1 0.496000 0.662000 0.412862 0.806000 0.579138 0.806000