1 0.806000 0.144000 0.727480 0.280000 0.884520 0.280000
1 0.202000 0.776000 0.178906 0.816000 0.225094 0.816000
0 0.674000 0.464000 0.766000 0.464000 0.766000 0.556000 0.674000 0.556000
1 0.462000 0.660000 0.434287 0.708000 0.489713 0.708000
1 0.318000 0.588000 0.290287 0.636000 0.345713 0.636000
1 0.350000 0.330000 0.315359 0.390000 0.384641 0.390000
1 0.144000 0.196000 0.120906 0.236000 0.167094 0.236000
1 0.516000 0.308000 0.453646 0.416000 0.578354 0.416000
0 0.366000 0.454000 0.414000 0.454000 0.414000 0.502000 0.366000 0.502000
0 0.572000 0.176000 0.724000 0.176000 0.724000 0.328000 0.572000 0.328000
1 0.168000 0.386000 0.096409 0.510000 0.239591 0.510000
0 0.786000 0.476000 0.926000 0.476000 0.926000 0.616000 0.786000 0.616000