1 0.542000 0.456000 0.505050 0.520000 0.578950 0.520000
0 0.478000 0.128000 0.566000 0.128000 0.566000 0.216000 0.478000 0.216000
0 0.246000 0.322000 0.302000 0.322000 0.302000 0.378000 0.246000 0.378000
0 0.330000 0.332000 0.386000 0.332000 0.386000 0.388000 0.330000 0.388000
1 0.716000 0.056000 0.619005 0.224000 0.812995 0.224000
1 0.774000 0.244000 0.727812 0.324000 0.820188 0.324000
0 0.272000 0.176000 0.372000 0.176000 0.372000 0.276000 0.272000 0.276000
1 0.588000 0.584000 0.544121 0.660000 0.631879 0.660000
0 0.650000 0.520000 0.782000 0.520000 0.782000 0.652000 0.650000 0.652000
1 0.296000 0.736000 0.187458 0.924000 0.404542 0.924000
0 0.500000 0.380000 0.564000 0.380000 0.564000 0.444000 0.500000 0.444000