1 0.360000 0.300000 0.309193 0.388000 0.410807 0.388000
0 0.154000 0.742000 0.230000 0.742000 0.230000 0.818000 0.154000 0.818000
1 0.754000 0.700000 0.721668 0.756000 0.786332 0.756000
0 0.378000 0.492000 0.454000 0.492000 0.454000 0.568000 0.378000 0.568000
1 0.694000 0.336000 0.615480 0.472000 0.772520 0.472000
0 0.326000 0.822000 0.374000 0.822000 0.374000 0.870000 0.326000 0.870000
0 0.802000 0.336000 0.910000 0.336000 0.910000 0.444000 0.802000 0.444000
0 0.100000 0.254000 0.256000 0.254000 0.256000 0.410000 0.100000 0.410000
0 0.086000 0.486000 0.206000 0.486000 0.206000 0.606000 0.086000 0.606000
1 0.660000 0.728000 0.632287 0.776000 0.687713 0.776000
1 0.624000 0.604000 0.584740 0.672000 0.663260 0.672000
1 0.596000 0.756000 0.554431 0.828000 0.637569 0.828000
1 0.658000 0.494000 0.621050 0.558000 0.694950 0.558000