0 0.110000 0.354000 0.246000 0.354000 0.246000 0.490000 0.110000 0.490000
0 0.742000 0.330000 0.910000 0.330000 0.910000 0.498000 0.742000 0.498000
0 0.120000 0.652000 0.244000 0.652000 0.244000 0.776000 0.120000 0.776000
1 0.510000 0.742000 0.456884 0.834000 0.563116 0.834000
0 0.650000 0.108000 0.818000 0.108000 0.818000 0.276000 0.650000 0.276000
1 0.614000 0.552000 0.540099 0.680000 0.687901 0.680000
0 0.278000 0.564000 0.338000 0.564000 0.338000 0.624000 0.278000 0.624000
0 0.224000 0.098000 0.324000 0.098000 0.324000 0.198000 0.224000 0.198000
0 0.286000 0.396000 0.374000 0.396000 0.374000 0.484000 0.286000 0.484000
0 0.454000 0.082000 0.650000 0.082000 0.650000 0.278000 0.454000 0.278000
0 0.396000 0.494000 0.488000 0.494000 0.488000 0.586000 0.396000 0.586000
0 0.588000 0.702000 0.748000 0.702000 0.748000 0.862000 0.588000 0.862000