0 0.720000 0.112000 0.792000 0.112000 0.792000 0.184000 0.720000 0.184000
0 0.064000 0.072000 0.248000 0.072000 0.248000 0.256000 0.064000 0.256000
1 0.526000 0.190000 0.479812 0.270000 0.572188 0.270000
0 0.264000 0.456000 0.404000 0.456000 0.404000 0.596000 0.264000 0.596000
0 0.506000 0.694000 0.670000 0.694000 0.670000 0.858000 0.506000 0.858000
1 0.150000 0.490000 0.046077 0.670000 0.253923 0.670000
0 0.810000 0.174000 0.902000 0.174000 0.902000 0.266000 0.810000 0.266000
1 0.274000 0.690000 0.225503 0.774000 0.322497 0.774000
1 0.646000 0.222000 0.590574 0.318000 0.701426 0.318000
1 0.512000 0.476000 0.415005 0.644000 0.608995 0.644000
1 0.704000 0.446000 0.616243 0.598000 0.791757 0.598000