1 0.656000 0.218000 0.614431 0.290000 0.697569 0.290000
0 0.144000 0.632000 0.224000 0.632000 0.224000 0.712000 0.144000 0.712000
1 0.774000 0.118000 0.711646 0.226000 0.836354 0.226000
1 0.710000 0.740000 0.679978 0.792000 0.740022 0.792000
1 0.614000 0.094000 0.556265 0.194000 0.671735 0.194000
1 0.664000 0.544000 0.617812 0.624000 0.710188 0.624000
0 0.232000 0.250000 0.324000 0.250000 0.324000 0.342000 0.232000 0.342000
0 0.320000 0.730000 0.484000 0.730000 0.484000 0.894000 0.320000 0.894000
0 0.332000 0.532000 0.380000 0.532000 0.380000 0.580000 0.332000 0.580000
1 0.436000 0.062000 0.341315 0.226000 0.530685 0.226000
0 0.132000 0.450000 0.272000 0.450000 0.272000 0.590000 0.132000 0.590000
0 0.496000 0.324000 0.588000 0.324000 0.588000 0.416000 0.496000 0.416000
1 0.378000 0.374000 0.287933 0.530000 0.468067 0.530000