1 0.350000 0.432000 0.287646 0.540000 0.412354 0.540000
1 0.366000 0.800000 0.310574 0.896000 0.421426 0.896000
1 0.744000 0.764000 0.653933 0.920000 0.834067 0.920000
1 0.390000 0.682000 0.332265 0.782000 0.447735 0.782000
1 0.516000 0.110000 0.419005 0.278000 0.612995 0.278000
0 0.470000 0.726000 0.662000 0.726000 0.662000 0.918000 0.470000 0.918000
1 0.270000 0.214000 0.179933 0.370000 0.360067 0.370000
0 0.666000 0.178000 0.766000 0.178000 0.766000 0.278000 0.666000 0.278000
1 0.212000 0.480000 0.151956 0.584000 0.272044 0.584000
1 0.810000 0.298000 0.703768 0.482000 0.916232 0.482000
1 0.624000 0.456000 0.563956 0.560000 0.684044 0.560000