0 0.148000 0.092000 0.324000 0.092000 0.324000 0.268000 0.148000 0.268000
0 0.788000 0.596000 0.872000 0.596000 0.872000 0.680000 0.788000 0.680000
0 0.632000 0.164000 0.684000 0.164000 0.684000 0.216000 0.632000 0.216000
1 0.786000 0.750000 0.672839 0.946000 0.899161 0.946000
1 0.656000 0.690000 0.625978 0.742000 0.686022 0.742000
0 0.302000 0.532000 0.478000 0.532000 0.478000 0.708000 0.302000 0.708000
1 0.540000 0.776000 0.491503 0.860000 0.588497 0.860000
0 0.582000 0.558000 0.702000 0.558000 0.702000 0.678000 0.582000 0.678000
1 0.624000 0.326000 0.545480 0.462000 0.702520 0.462000
1 0.186000 0.406000 0.077458 0.594000 0.294542 0.594000
1 0.826000 0.314000 0.759027 0.430000 0.892973 0.430000
0 0.512000 0.590000 0.560000 0.590000 0.560000 0.638000 0.512000 0.638000