1 0.196000 0.542000 0.103624 0.702000 0.288376 0.702000
1 0.838000 0.130000 0.780265 0.230000 0.895735 0.230000
0 0.368000 0.716000 0.432000 0.716000 0.432000 0.780000 0.368000 0.780000
1 0.378000 0.154000 0.336431 0.226000 0.419569 0.226000
1 0.762000 0.432000 0.711193 0.520000 0.812807 0.520000
0 0.462000 0.098000 0.662000 0.098000 0.662000 0.298000 0.462000 0.298000
0 0.182000 0.236000 0.370000 0.236000 0.370000 0.424000 0.182000 0.424000
0 0.658000 0.594000 0.770000 0.594000 0.770000 0.706000 0.658000 0.706000
0 0.798000 0.702000 0.842000 0.702000 0.842000 0.746000 0.798000 0.746000
0 0.174000 0.718000 0.330000 0.718000 0.330000 0.874000 0.174000 0.874000
1 0.536000 0.360000 0.501359 0.420000 0.570641 0.420000