0 0.610000 0.232000 0.738000 0.232000 0.738000 0.360000 0.610000 0.360000
0 0.416000 0.336000 0.572000 0.336000 0.572000 0.492000 0.416000 0.492000
0 0.638000 0.454000 0.726000 0.454000 0.726000 0.542000 0.638000 0.542000
0 0.368000 0.412000 0.412000 0.412000 0.412000 0.456000 0.368000 0.456000
0 0.728000 0.382000 0.856000 0.382000 0.856000 0.510000 0.728000 0.510000
1 0.326000 0.382000 0.291359 0.442000 0.360641 0.442000
1 0.244000 0.476000 0.179337 0.588000 0.308663 0.588000
0 0.838000 0.682000 0.882000 0.682000 0.882000 0.726000 0.838000 0.726000
1 0.622000 0.726000 0.589668 0.782000 0.654332 0.782000
1 0.834000 0.790000 0.806287 0.838000 0.861713 0.838000
1 0.814000 0.220000 0.758574 0.316000 0.869426 0.316000
1 0.220000 0.752000 0.116077 0.932000 0.323923 0.932000