0 0.694000 0.168000 0.750000 0.168000 0.750000 0.224000 0.694000 0.224000
0 0.378000 0.358000 0.546000 0.358000 0.546000 0.526000 0.378000 0.526000
1 0.654000 0.736000 0.603193 0.824000 0.704807 0.824000
0 0.180000 0.756000 0.260000 0.756000 0.260000 0.836000 0.180000 0.836000
1 0.784000 0.442000 0.749359 0.502000 0.818641 0.502000
0 0.780000 0.826000 0.832000 0.826000 0.832000 0.878000 0.780000 0.878000
0 0.374000 0.526000 0.442000 0.526000 0.442000 0.594000 0.374000 0.594000
1 0.812000 0.666000 0.779668 0.722000 0.844332 0.722000
0 0.162000 0.202000 0.278000 0.202000 0.278000 0.318000 0.162000 0.318000
1 0.442000 0.112000 0.331149 0.304000 0.552851 0.304000
0 0.308000 0.720000 0.420000 0.720000 0.420000 0.832000 0.308000 0.832000
1 0.332000 0.626000 0.285812 0.706000 0.378188 0.706000
0 0.614000 0.664000 0.662000 0.664000 0.662000 0.712000 0.614000 0.712000