0 0.500000 0.678000 0.624000 0.678000 0.624000 0.802000 0.500000 0.802000
1 0.422000 0.734000 0.352718 0.854000 0.491282 0.854000
0 0.402000 0.308000 0.442000 0.308000 0.442000 0.348000 0.402000 0.348000
1 0.292000 0.412000 0.250431 0.484000 0.333569 0.484000
0 0.150000 0.112000 0.258000 0.112000 0.258000 0.220000 0.150000 0.220000
0 0.748000 0.190000 0.888000 0.190000 0.888000 0.330000 0.748000 0.330000
1 0.436000 0.388000 0.364409 0.512000 0.507591 0.512000
0 0.526000 0.240000 0.714000 0.240000 0.714000 0.428000 0.526000 0.428000
1 0.706000 0.498000 0.604386 0.674000 0.807614 0.674000
1 0.250000 0.702000 0.164552 0.850000 0.335448 0.850000
0 0.536000 0.802000 0.628000 0.802000 0.628000 0.894000 0.536000 0.894000