1 0.222000 0.390000 0.194287 0.438000 0.249713 0.438000
1 0.382000 0.406000 0.345050 0.470000 0.418950 0.470000
0 0.120000 0.424000 0.176000 0.424000 0.176000 0.480000 0.120000 0.480000
1 0.786000 0.252000 0.725956 0.356000 0.846044 0.356000
1 0.458000 0.082000 0.374862 0.226000 0.541138 0.226000
1 0.260000 0.750000 0.144530 0.950000 0.375470 0.950000
1 0.280000 0.280000 0.249978 0.332000 0.310022 0.332000
0 0.574000 0.334000 0.686000 0.334000 0.686000 0.446000 0.574000 0.446000
0 0.620000 0.588000 0.740000 0.588000 0.740000 0.708000 0.620000 0.708000
0 0.424000 0.800000 0.528000 0.800000 0.528000 0.904000 0.424000 0.904000
0 0.322000 0.578000 0.390000 0.578000 0.390000 0.646000 0.322000 0.646000