1 0.316000 0.736000 0.223624 0.896000 0.408376 0.896000
1 0.416000 0.378000 0.388287 0.426000 0.443713 0.426000
1 0.492000 0.756000 0.436574 0.852000 0.547426 0.852000
1 0.766000 0.806000 0.740597 0.850000 0.791403 0.850000
1 0.158000 0.526000 0.132597 0.570000 0.183403 0.570000
1 0.168000 0.208000 0.144906 0.248000 0.191094 0.248000
0 0.566000 0.800000 0.682000 0.800000 0.682000 0.916000 0.566000 0.916000
0 0.086000 0.358000 0.230000 0.358000 0.230000 0.502000 0.086000 0.502000
0 0.756000 0.242000 0.884000 0.242000 0.884000 0.370000 0.756000 0.370000
1 0.564000 0.542000 0.457768 0.726000 0.670232 0.726000
0 0.688000 0.574000 0.784000 0.574000 0.784000 0.670000 0.688000 0.670000
0 0.560000 0.118000 0.628000 0.118000 0.628000 0.186000 0.560000 0.186000