0 0.698000 0.612000 0.758000 0.612000 0.758000 0.672000 0.698000 0.672000
0 0.642000 0.794000 0.730000 0.794000 0.730000 0.882000 0.642000 0.882000
1 0.448000 0.700000 0.406431 0.772000 0.489569 0.772000
1 0.142000 0.168000 0.118906 0.208000 0.165094 0.208000
0 0.822000 0.536000 0.898000 0.536000 0.898000 0.612000 0.822000 0.612000
0 0.644000 0.180000 0.784000 0.180000 0.784000 0.320000 0.644000 0.320000
0 0.398000 0.330000 0.490000 0.330000 0.490000 0.422000 0.398000 0.422000
1 0.580000 0.570000 0.478386 0.746000 0.681614 0.746000
0 0.714000 0.388000 0.794000 0.388000 0.794000 0.468000 0.714000 0.468000
0 0.808000 0.196000 0.856000 0.196000 0.856000 0.244000 0.808000 0.244000
0 0.138000 0.418000 0.338000 0.418000 0.338000 0.618000 0.138000 0.618000