1 0.426000 0.310000 0.393668 0.366000 0.458332 0.366000
1 0.414000 0.128000 0.363193 0.216000 0.464807 0.216000
0 0.830000 0.318000 0.878000 0.318000 0.878000 0.366000 0.830000 0.366000
0 0.708000 0.758000 0.824000 0.758000 0.824000 0.874000 0.708000 0.874000
0 0.372000 0.412000 0.524000 0.412000 0.524000 0.564000 0.372000 0.564000
0 0.164000 0.712000 0.216000 0.712000 0.216000 0.764000 0.164000 0.764000
1 0.254000 0.306000 0.161624 0.466000 0.346376 0.466000
1 0.640000 0.724000 0.568409 0.848000 0.711591 0.848000
0 0.310000 0.586000 0.490000 0.586000 0.490000 0.766000 0.310000 0.766000
1 0.716000 0.302000 0.612077 0.482000 0.819923 0.482000
1 0.634000 0.496000 0.567027 0.612000 0.700973 0.612000
0 0.724000 0.622000 0.860000 0.622000 0.860000 0.758000 0.724000 0.758000