1 0.760000 0.742000 0.665315 0.906000 0.854685 0.906000
1 0.390000 0.504000 0.359978 0.556000 0.420022 0.556000
0 0.554000 0.562000 0.614000 0.562000 0.614000 0.622000 0.554000 0.622000
1 0.590000 0.730000 0.511480 0.866000 0.668520 0.866000
1 0.774000 0.152000 0.681624 0.312000 0.866376 0.312000
1 0.460000 0.156000 0.344530 0.356000 0.575470 0.356000
0 0.196000 0.222000 0.312000 0.222000 0.312000 0.338000 0.196000 0.338000
0 0.288000 0.530000 0.336000 0.530000 0.336000 0.578000 0.288000 0.578000
1 0.196000 0.586000 0.094386 0.762000 0.297614 0.762000
0 0.812000 0.520000 0.908000 0.520000 0.908000 0.616000 0.812000 0.616000
0 0.642000 0.478000 0.754000 0.478000 0.754000 0.590000 0.642000 0.590000