0 0.510000 0.422000 0.602000 0.422000 0.602000 0.514000 0.510000 0.514000
0 0.216000 0.726000 0.276000 0.726000 0.276000 0.786000 0.216000 0.786000
1 0.438000 0.694000 0.401050 0.758000 0.474950 0.758000
0 0.250000 0.096000 0.366000 0.096000 0.366000 0.212000 0.250000 0.212000
0 0.348000 0.254000 0.456000 0.254000 0.456000 0.362000 0.348000 0.362000
0 0.544000 0.662000 0.596000 0.662000 0.596000 0.714000 0.544000 0.714000
0 0.408000 0.158000 0.496000 0.158000 0.496000 0.246000 0.408000 0.246000
1 0.190000 0.536000 0.166906 0.576000 0.213094 0.576000
1 0.676000 0.326000 0.595171 0.466000 0.756829 0.466000
0 0.528000 0.212000 0.624000 0.212000 0.624000 0.308000 0.528000 0.308000
0 0.152000 0.252000 0.320000 0.252000 0.320000 0.420000 0.152000 0.420000
0 0.258000 0.446000 0.454000 0.446000 0.454000 0.642000 0.258000 0.642000