0 0.652000 0.126000 0.764000 0.126000 0.764000 0.238000 0.652000 0.238000
0 0.120000 0.596000 0.252000 0.596000 0.252000 0.728000 0.120000 0.728000
0 0.792000 0.488000 0.928000 0.488000 0.928000 0.624000 0.792000 0.624000
0 0.174000 0.174000 0.242000 0.174000 0.242000 0.242000 0.174000 0.242000
0 0.090000 0.268000 0.206000 0.268000 0.206000 0.384000 0.090000 0.384000
0 0.386000 0.374000 0.482000 0.374000 0.482000 0.470000 0.386000 0.470000
1 0.408000 0.116000 0.327171 0.256000 0.488829 0.256000
1 0.494000 0.748000 0.443193 0.836000 0.544807 0.836000
1 0.766000 0.334000 0.703646 0.442000 0.828354 0.442000
1 0.348000 0.650000 0.264862 0.794000 0.431138 0.794000
0 0.254000 0.554000 0.346000 0.554000 0.346000 0.646000 0.254000 0.646000