1 0.374000 0.570000 0.350906 0.610000 0.397094 0.610000
1 0.580000 0.714000 0.543050 0.778000 0.616950 0.778000
0 0.158000 0.128000 0.290000 0.128000 0.290000 0.260000 0.158000 0.260000
0 0.458000 0.160000 0.498000 0.160000 0.498000 0.200000 0.458000 0.200000
0 0.214000 0.628000 0.386000 0.628000 0.386000 0.800000 0.214000 0.800000
0 0.358000 0.424000 0.406000 0.424000 0.406000 0.472000 0.358000 0.472000
0 0.502000 0.282000 0.646000 0.282000 0.646000 0.426000 0.502000 0.426000
1 0.834000 0.638000 0.730077 0.818000 0.937923 0.818000
1 0.814000 0.304000 0.707768 0.488000 0.920232 0.488000
1 0.420000 0.250000 0.357646 0.358000 0.482354 0.358000
1 0.656000 0.086000 0.572862 0.230000 0.739138 0.230000
1 0.644000 0.488000 0.563171 0.628000 0.724829 0.628000