0 0.526000 0.654000 0.638000 0.654000 0.638000 0.766000 0.526000 0.766000
1 0.678000 0.784000 0.611027 0.900000 0.744973 0.900000
1 0.140000 0.516000 0.107668 0.572000 0.172332 0.572000
0 0.680000 0.516000 0.784000 0.516000 0.784000 0.620000 0.680000 0.620000
1 0.446000 0.154000 0.422906 0.194000 0.469094 0.194000
1 0.306000 0.536000 0.199768 0.720000 0.412232 0.720000
1 0.742000 0.116000 0.651933 0.272000 0.832067 0.272000
0 0.716000 0.274000 0.804000 0.274000 0.804000 0.362000 0.716000 0.362000
1 0.290000 0.120000 0.246121 0.196000 0.333879 0.196000
0 0.442000 0.302000 0.558000 0.302000 0.558000 0.418000 0.442000 0.418000
0 0.294000 0.746000 0.382000 0.746000 0.382000 0.834000 0.294000 0.834000