0 0.652000 0.048000 0.840000 0.048000 0.840000 0.236000 0.652000 0.236000
0 0.756000 0.360000 0.808000 0.360000 0.808000 0.412000 0.756000 0.412000
0 0.642000 0.522000 0.786000 0.522000 0.786000 0.666000 0.642000 0.666000
0 0.390000 0.636000 0.522000 0.636000 0.522000 0.768000 0.390000 0.768000
0 0.198000 0.418000 0.314000 0.418000 0.314000 0.534000 0.198000 0.534000
1 0.806000 0.726000 0.713624 0.886000 0.898376 0.886000
1 0.684000 0.396000 0.619337 0.508000 0.748663 0.508000
0 0.512000 0.508000 0.568000 0.508000 0.568000 0.564000 0.512000 0.564000
0 0.166000 0.650000 0.226000 0.650000 0.226000 0.710000 0.166000 0.710000
0 0.796000 0.628000 0.884000 0.628000 0.884000 0.716000 0.796000 0.716000
0 0.410000 0.268000 0.482000 0.268000 0.482000 0.340000 0.410000 0.340000