0 0.244000 0.416000 0.316000 0.416000 0.316000 0.488000 0.244000 0.488000
1 0.658000 0.146000 0.581790 0.278000 0.734210 0.278000
0 0.458000 0.228000 0.550000 0.228000 0.550000 0.320000 0.458000 0.320000
1 0.580000 0.404000 0.543050 0.468000 0.616950 0.468000
0 0.270000 0.824000 0.318000 0.824000 0.318000 0.872000 0.270000 0.872000
0 0.136000 0.632000 0.264000 0.632000 0.264000 0.760000 0.136000 0.760000
1 0.744000 0.490000 0.647005 0.658000 0.840995 0.658000
0 0.156000 0.362000 0.232000 0.362000 0.232000 0.438000 0.156000 0.438000
1 0.468000 0.400000 0.387171 0.540000 0.548829 0.540000
1 0.234000 0.148000 0.127768 0.332000 0.340232 0.332000
1 0.478000 0.666000 0.374077 0.846000 0.581923 0.846000
1 0.856000 0.766000 0.825978 0.818000 0.886022 0.818000