0 0.114000 0.134000 0.230000 0.134000 0.230000 0.250000 0.114000 0.250000
0 0.610000 0.638000 0.794000 0.638000 0.794000 0.822000 0.610000 0.822000
0 0.540000 0.600000 0.600000 0.600000 0.600000 0.660000 0.540000 0.660000
0 0.362000 0.564000 0.458000 0.564000 0.458000 0.660000 0.362000 0.660000
0 0.188000 0.318000 0.272000 0.318000 0.272000 0.402000 0.188000 0.402000
1 0.152000 0.752000 0.071171 0.892000 0.232829 0.892000
1 0.624000 0.170000 0.529315 0.334000 0.718685 0.334000
1 0.326000 0.166000 0.298287 0.214000 0.353713 0.214000
1 0.434000 0.292000 0.383193 0.380000 0.484807 0.380000
1 0.166000 0.504000 0.066696 0.676000 0.265304 0.676000
0 0.762000 0.220000 0.870000 0.220000 0.870000 0.328000 0.762000 0.328000
1 0.516000 0.672000 0.479050 0.736000 0.552950 0.736000