1 0.506000 0.216000 0.482906 0.256000 0.529094 0.256000
0 0.810000 0.766000 0.854000 0.766000 0.854000 0.810000 0.810000 0.810000
1 0.764000 0.720000 0.722431 0.792000 0.805569 0.792000
1 0.576000 0.328000 0.504409 0.452000 0.647591 0.452000
1 0.552000 0.458000 0.457315 0.622000 0.646685 0.622000
0 0.136000 0.626000 0.276000 0.626000 0.276000 0.766000 0.136000 0.766000
0 0.398000 0.678000 0.530000 0.678000 0.530000 0.810000 0.398000 0.810000
1 0.238000 0.366000 0.168718 0.486000 0.307282 0.486000
0 0.278000 0.762000 0.374000 0.762000 0.374000 0.858000 0.278000 0.858000
1 0.796000 0.498000 0.701315 0.662000 0.890685 0.662000
1 0.342000 0.624000 0.298121 0.700000 0.385879 0.700000
0 0.424000 0.236000 0.480000 0.236000 0.480000 0.292000 0.424000 0.292000
0 0.316000 0.454000 0.444000 0.454000 0.444000 0.582000 0.316000 0.582000
1 0.142000 0.790000 0.072718 0.910000 0.211282 0.910000
1 0.190000 0.516000 0.157668 0.572000 0.222332 0.572000