0 0.394000 0.104000 0.506000 0.104000 0.506000 0.216000 0.394000 0.216000
0 0.198000 0.566000 0.326000 0.566000 0.326000 0.694000 0.198000 0.694000
1 0.802000 0.346000 0.760431 0.418000 0.843569 0.418000
0 0.504000 0.406000 0.560000 0.406000 0.560000 0.462000 0.504000 0.462000
1 0.598000 0.782000 0.507933 0.938000 0.688067 0.938000
0 0.514000 0.144000 0.674000 0.144000 0.674000 0.304000 0.514000 0.304000
0 0.386000 0.244000 0.462000 0.244000 0.462000 0.320000 0.386000 0.320000
0 0.598000 0.512000 0.726000 0.512000 0.726000 0.640000 0.598000 0.640000
0 0.114000 0.702000 0.298000 0.702000 0.298000 0.886000 0.114000 0.886000
0 0.298000 0.346000 0.338000 0.346000 0.338000 0.386000 0.298000 0.386000
0 0.310000 0.738000 0.462000 0.738000 0.462000 0.890000 0.310000 0.890000
1 0.264000 0.132000 0.227050 0.196000 0.300950 0.196000
1 0.498000 0.606000 0.424099 0.734000 0.571901 0.734000