0 0.636000 0.732000 0.720000 0.732000 0.720000 0.816000 0.636000 0.816000
0 0.332000 0.762000 0.464000 0.762000 0.464000 0.894000 0.332000 0.894000
0 0.366000 0.518000 0.566000 0.518000 0.566000 0.718000 0.366000 0.718000
0 0.802000 0.568000 0.910000 0.568000 0.910000 0.676000 0.802000 0.676000
1 0.570000 0.226000 0.516884 0.318000 0.623116 0.318000
1 0.376000 0.124000 0.318265 0.224000 0.433735 0.224000
1 0.666000 0.130000 0.612884 0.222000 0.719116 0.222000
1 0.266000 0.312000 0.208265 0.412000 0.323735 0.412000
1 0.842000 0.134000 0.775027 0.250000 0.908973 0.250000
1 0.148000 0.784000 0.071790 0.916000 0.224210 0.916000
1 0.760000 0.288000 0.697646 0.396000 0.822354 0.396000
0 0.230000 0.746000 0.282000 0.746000 0.282000 0.798000 0.230000 0.798000