1 0.842000 0.230000 0.779646 0.338000 0.904354 0.338000
1 0.682000 0.662000 0.626574 0.758000 0.737426 0.758000
1 0.476000 0.478000 0.388243 0.630000 0.563757 0.630000
1 0.672000 0.420000 0.600409 0.544000 0.743591 0.544000
0 0.576000 0.248000 0.700000 0.248000 0.700000 0.372000 0.576000 0.372000
1 0.844000 0.726000 0.795503 0.810000 0.892497 0.810000
1 0.298000 0.214000 0.231027 0.330000 0.364973 0.330000
1 0.346000 0.606000 0.304431 0.678000 0.387569 0.678000
0 0.290000 0.724000 0.478000 0.724000 0.478000 0.912000 0.290000 0.912000
1 0.478000 0.310000 0.445668 0.366000 0.510332 0.366000
0 0.096000 0.738000 0.196000 0.738000 0.196000 0.838000 0.096000 0.838000