1 0.562000 0.340000 0.538906 0.380000 0.585094 0.380000
0 0.308000 0.244000 0.372000 0.244000 0.372000 0.308000 0.308000 0.308000
1 0.592000 0.574000 0.520409 0.698000 0.663591 0.698000
1 0.586000 0.268000 0.560597 0.312000 0.611403 0.312000
1 0.480000 0.746000 0.380696 0.918000 0.579304 0.918000
1 0.180000 0.198000 0.089933 0.354000 0.270067 0.354000
0 0.796000 0.674000 0.884000 0.674000 0.884000 0.762000 0.796000 0.762000
1 0.724000 0.602000 0.680121 0.678000 0.767879 0.678000
0 0.710000 0.276000 0.770000 0.276000 0.770000 0.336000 0.710000 0.336000
1 0.178000 0.446000 0.071768 0.630000 0.284232 0.630000
0 0.254000 0.820000 0.302000 0.820000 0.302000 0.868000 0.254000 0.868000
1 0.512000 0.402000 0.447337 0.514000 0.576663 0.514000
1 0.738000 0.496000 0.689503 0.580000 0.786497 0.580000