0 0.104000 0.538000 0.212000 0.538000 0.212000 0.646000 0.104000 0.646000
1 0.548000 0.348000 0.515668 0.404000 0.580332 0.404000
0 0.350000 0.444000 0.402000 0.444000 0.402000 0.496000 0.350000 0.496000
0 0.796000 0.204000 0.848000 0.204000 0.848000 0.256000 0.796000 0.256000
0 0.772000 0.472000 0.820000 0.472000 0.820000 0.520000 0.772000 0.520000
1 0.140000 0.326000 0.100740 0.394000 0.179260 0.394000
1 0.548000 0.444000 0.520287 0.492000 0.575713 0.492000
0 0.558000 0.670000 0.602000 0.670000 0.602000 0.714000 0.558000 0.714000
1 0.188000 0.748000 0.146431 0.820000 0.229569 0.820000
0 0.748000 0.120000 0.824000 0.120000 0.824000 0.196000 0.748000 0.196000
1 0.354000 0.614000 0.257005 0.782000 0.450995 0.782000
1 0.566000 0.500000 0.522121 0.576000 0.609879 0.576000
0 0.122000 0.142000 0.286000 0.142000 0.286000 0.306000 0.122000 0.306000