1 0.172000 0.666000 0.058839 0.862000 0.285161 0.862000
0 0.562000 0.606000 0.666000 0.606000 0.666000 0.710000 0.562000 0.710000
1 0.554000 0.268000 0.523978 0.320000 0.584022 0.320000
1 0.474000 0.592000 0.402409 0.716000 0.545591 0.716000
1 0.754000 0.386000 0.719359 0.446000 0.788641 0.446000
1 0.472000 0.192000 0.421193 0.280000 0.522807 0.280000
0 0.288000 0.238000 0.340000 0.238000 0.340000 0.290000 0.288000 0.290000
0 0.322000 0.726000 0.366000 0.726000 0.366000 0.770000 0.322000 0.770000
0 0.098000 0.250000 0.186000 0.250000 0.186000 0.338000 0.098000 0.338000
0 0.548000 0.456000 0.632000 0.456000 0.632000 0.540000 0.548000 0.540000
1 0.218000 0.416000 0.123315 0.580000 0.312685 0.580000
1 0.788000 0.248000 0.721027 0.364000 0.854973 0.364000