0 0.782000 0.644000 0.846000 0.644000 0.846000 0.708000 0.782000 0.708000
0 0.146000 0.532000 0.198000 0.532000 0.198000 0.584000 0.146000 0.584000
0 0.126000 0.800000 0.222000 0.800000 0.222000 0.896000 0.126000 0.896000
1 0.280000 0.140000 0.199171 0.280000 0.360829 0.280000
0 0.400000 0.588000 0.488000 0.588000 0.488000 0.676000 0.400000 0.676000
0 0.138000 0.364000 0.234000 0.364000 0.234000 0.460000 0.138000 0.460000
1 0.186000 0.702000 0.132884 0.794000 0.239116 0.794000
1 0.664000 0.658000 0.629359 0.718000 0.698641 0.718000
1 0.662000 0.528000 0.631978 0.580000 0.692022 0.580000
0 0.424000 0.134000 0.500000 0.134000 0.500000 0.210000 0.424000 0.210000
0 0.416000 0.360000 0.564000 0.360000 0.564000 0.508000 0.416000 0.508000
0 0.484000 0.746000 0.524000 0.746000 0.524000 0.786000 0.484000 0.786000