1 0.262000 0.444000 0.199646 0.552000 0.324354 0.552000
1 0.802000 0.382000 0.776597 0.426000 0.827403 0.426000
0 0.428000 0.116000 0.620000 0.116000 0.620000 0.308000 0.428000 0.308000
1 0.188000 0.128000 0.155668 0.184000 0.220332 0.184000
1 0.746000 0.626000 0.713668 0.682000 0.778332 0.682000
1 0.390000 0.488000 0.359978 0.540000 0.420022 0.540000
0 0.278000 0.782000 0.338000 0.782000 0.338000 0.842000 0.278000 0.842000
0 0.498000 0.600000 0.566000 0.600000 0.566000 0.668000 0.498000 0.668000
0 0.530000 0.402000 0.694000 0.402000 0.694000 0.566000 0.530000 0.566000
1 0.332000 0.122000 0.237315 0.286000 0.426685 0.286000
1 0.804000 0.136000 0.709315 0.300000 0.898685 0.300000
1 0.614000 0.570000 0.583978 0.622000 0.644022 0.622000