0 0.590000 0.714000 0.630000 0.714000 0.630000 0.754000 0.590000 0.754000
1 0.446000 0.400000 0.346696 0.572000 0.545304 0.572000
1 0.206000 0.228000 0.143646 0.336000 0.268354 0.336000
0 0.688000 0.278000 0.732000 0.278000 0.732000 0.322000 0.688000 0.322000
1 0.836000 0.452000 0.794431 0.524000 0.877569 0.524000
1 0.796000 0.524000 0.696696 0.696000 0.895304 0.696000
1 0.250000 0.414000 0.217668 0.470000 0.282332 0.470000
0 0.350000 0.224000 0.522000 0.224000 0.522000 0.396000 0.350000 0.396000
1 0.624000 0.210000 0.582431 0.282000 0.665569 0.282000
1 0.438000 0.768000 0.410287 0.816000 0.465713 0.816000
1 0.238000 0.606000 0.131768 0.790000 0.344232 0.790000