1 0.442000 0.762000 0.358862 0.906000 0.525138 0.906000
0 0.642000 0.630000 0.826000 0.630000 0.826000 0.814000 0.642000 0.814000
0 0.430000 0.610000 0.482000 0.610000 0.482000 0.662000 0.430000 0.662000
1 0.574000 0.754000 0.507027 0.870000 0.640973 0.870000
0 0.394000 0.430000 0.546000 0.430000 0.546000 0.582000 0.394000 0.582000
1 0.172000 0.576000 0.072696 0.748000 0.271304 0.748000
1 0.306000 0.440000 0.232099 0.568000 0.379901 0.568000
1 0.208000 0.100000 0.106386 0.276000 0.309614 0.276000
0 0.784000 0.168000 0.844000 0.168000 0.844000 0.228000 0.784000 0.228000
0 0.560000 0.132000 0.600000 0.132000 0.600000 0.172000 0.560000 0.172000
1 0.466000 0.308000 0.419812 0.388000 0.512188 0.388000
0 0.282000 0.582000 0.418000 0.582000 0.418000 0.718000 0.282000 0.718000
1 0.690000 0.380000 0.650740 0.448000 0.729260 0.448000