1 0.828000 0.126000 0.763337 0.238000 0.892663 0.238000
1 0.170000 0.148000 0.061458 0.336000 0.278542 0.336000
0 0.598000 0.444000 0.686000 0.444000 0.686000 0.532000 0.598000 0.532000
1 0.856000 0.692000 0.814431 0.764000 0.897569 0.764000
1 0.266000 0.340000 0.235978 0.392000 0.296022 0.392000
0 0.324000 0.580000 0.444000 0.580000 0.444000 0.700000 0.324000 0.700000
1 0.738000 0.418000 0.710287 0.466000 0.765713 0.466000
0 0.058000 0.768000 0.230000 0.768000 0.230000 0.940000 0.058000 0.940000
1 0.410000 0.188000 0.326862 0.332000 0.493138 0.332000
0 0.694000 0.300000 0.742000 0.300000 0.742000 0.348000 0.694000 0.348000
0 0.508000 0.550000 0.592000 0.550000 0.592000 0.634000 0.508000 0.634000