1 0.230000 0.724000 0.126077 0.904000 0.333923 0.904000
0 0.742000 0.140000 0.854000 0.140000 0.854000 0.252000 0.742000 0.252000
0 0.242000 0.108000 0.414000 0.108000 0.414000 0.280000 0.242000 0.280000
0 0.480000 0.526000 0.536000 0.526000 0.536000 0.582000 0.480000 0.582000
1 0.462000 0.300000 0.431978 0.352000 0.492022 0.352000
1 0.812000 0.380000 0.705768 0.564000 0.918232 0.564000
0 0.420000 0.186000 0.460000 0.186000 0.460000 0.226000 0.420000 0.226000
1 0.160000 0.138000 0.129978 0.190000 0.190022 0.190000
1 0.486000 0.784000 0.449050 0.848000 0.522950 0.848000
0 0.248000 0.460000 0.320000 0.460000 0.320000 0.532000 0.248000 0.532000
1 0.280000 0.326000 0.222265 0.426000 0.337735 0.426000
0 0.646000 0.234000 0.694000 0.234000 0.694000 0.282000 0.646000 0.282000
1 0.774000 0.268000 0.727812 0.348000 0.820188 0.348000
0 0.330000 0.700000 0.406000 0.700000 0.406000 0.776000 0.330000 0.776000
1 0.634000 0.448000 0.534696 0.620000 0.733304 0.620000
0 0.628000 0.284000 0.680000 0.284000 0.680000 0.336000 0.628000 0.336000