1 0.444000 0.398000 0.377027 0.514000 0.510973 0.514000
1 0.580000 0.164000 0.519956 0.268000 0.640044 0.268000
1 0.608000 0.564000 0.541027 0.680000 0.674973 0.680000
1 0.832000 0.310000 0.755790 0.442000 0.908210 0.442000
0 0.572000 0.740000 0.620000 0.740000 0.620000 0.788000 0.572000 0.788000
0 0.630000 0.830000 0.678000 0.830000 0.678000 0.878000 0.630000 0.878000
1 0.398000 0.532000 0.301005 0.700000 0.494995 0.700000
1 0.756000 0.184000 0.730597 0.228000 0.781403 0.228000
0 0.156000 0.494000 0.212000 0.494000 0.212000 0.550000 0.156000 0.550000
0 0.108000 0.754000 0.304000 0.754000 0.304000 0.950000 0.108000 0.950000
1 0.304000 0.100000 0.195458 0.288000 0.412542 0.288000
1 0.612000 0.342000 0.579668 0.398000 0.644332 0.398000