0 0.454000 0.300000 0.546000 0.300000 0.546000 0.392000 0.454000 0.392000
0 0.360000 0.144000 0.472000 0.144000 0.472000 0.256000 0.360000 0.256000
0 0.680000 0.536000 0.828000 0.536000 0.828000 0.684000 0.680000 0.684000
0 0.526000 0.100000 0.662000 0.100000 0.662000 0.236000 0.526000 0.236000
0 0.390000 0.728000 0.542000 0.728000 0.542000 0.880000 0.390000 0.880000
1 0.734000 0.720000 0.683193 0.808000 0.784807 0.808000
0 0.676000 0.092000 0.872000 0.092000 0.872000 0.288000 0.676000 0.288000
0 0.652000 0.304000 0.776000 0.304000 0.776000 0.428000 0.652000 0.428000
1 0.218000 0.466000 0.130243 0.618000 0.305757 0.618000
1 0.514000 0.448000 0.442409 0.572000 0.585591 0.572000
1 0.204000 0.744000 0.088530 0.944000 0.319470 0.944000
1 0.850000 0.426000 0.801503 0.510000 0.898497 0.510000