1 0.388000 0.236000 0.346431 0.308000 0.429569 0.308000
1 0.142000 0.624000 0.079646 0.732000 0.204354 0.732000
0 0.598000 0.730000 0.778000 0.730000 0.778000 0.910000 0.598000 0.910000
1 0.384000 0.654000 0.333193 0.742000 0.434807 0.742000
1 0.460000 0.800000 0.406884 0.892000 0.513116 0.892000
1 0.740000 0.406000 0.707668 0.462000 0.772332 0.462000
1 0.250000 0.206000 0.208431 0.278000 0.291569 0.278000
0 0.098000 0.748000 0.270000 0.748000 0.270000 0.920000 0.098000 0.920000
0 0.606000 0.512000 0.746000 0.512000 0.746000 0.652000 0.606000 0.652000
1 0.236000 0.506000 0.192121 0.582000 0.279879 0.582000
1 0.826000 0.108000 0.756718 0.228000 0.895282 0.228000