1 0.666000 0.162000 0.587480 0.298000 0.744520 0.298000
0 0.768000 0.436000 0.868000 0.436000 0.868000 0.536000 0.768000 0.536000
1 0.504000 0.104000 0.416243 0.256000 0.591757 0.256000
1 0.644000 0.542000 0.593193 0.630000 0.694807 0.630000
1 0.264000 0.120000 0.233978 0.172000 0.294022 0.172000
1 0.660000 0.378000 0.588409 0.502000 0.731591 0.502000
1 0.470000 0.308000 0.370696 0.480000 0.569304 0.480000
1 0.156000 0.238000 0.093646 0.346000 0.218354 0.346000
0 0.142000 0.512000 0.274000 0.512000 0.274000 0.644000 0.142000 0.644000
0 0.252000 0.252000 0.300000 0.252000 0.300000 0.300000 0.252000 0.300000
1 0.240000 0.652000 0.212287 0.700000 0.267713 0.700000
1 0.512000 0.692000 0.401149 0.884000 0.622851 0.884000
1 0.738000 0.672000 0.654862 0.816000 0.821138 0.816000