0 0.210000 0.160000 0.258000 0.160000 0.258000 0.208000 0.210000 0.208000
1 0.370000 0.154000 0.289171 0.294000 0.450829 0.294000
0 0.150000 0.754000 0.202000 0.754000 0.202000 0.806000 0.150000 0.806000
0 0.716000 0.132000 0.800000 0.132000 0.800000 0.216000 0.716000 0.216000
0 0.610000 0.774000 0.714000 0.774000 0.714000 0.878000 0.610000 0.878000
1 0.764000 0.726000 0.713193 0.814000 0.814807 0.814000
0 0.516000 0.616000 0.568000 0.616000 0.568000 0.668000 0.516000 0.668000
0 0.416000 0.720000 0.456000 0.720000 0.456000 0.760000 0.416000 0.760000
0 0.456000 0.718000 0.524000 0.718000 0.524000 0.786000 0.456000 0.786000
0 0.766000 0.542000 0.894000 0.542000 0.894000 0.670000 0.766000 0.670000
1 0.356000 0.498000 0.305193 0.586000 0.406807 0.586000
1 0.258000 0.800000 0.211812 0.880000 0.304188 0.880000
0 0.144000 0.640000 0.224000 0.640000 0.224000 0.720000 0.144000 0.720000