0 0.382000 0.808000 0.482000 0.808000 0.482000 0.908000 0.382000 0.908000
0 0.344000 0.434000 0.472000 0.434000 0.472000 0.562000 0.344000 0.562000
1 0.188000 0.592000 0.114099 0.720000 0.261901 0.720000
0 0.832000 0.672000 0.876000 0.672000 0.876000 0.716000 0.832000 0.716000
0 0.332000 0.210000 0.496000 0.210000 0.496000 0.374000 0.332000 0.374000
1 0.744000 0.628000 0.711668 0.684000 0.776332 0.684000
0 0.110000 0.174000 0.242000 0.174000 0.242000 0.306000 0.110000 0.306000
1 0.798000 0.332000 0.742574 0.428000 0.853426 0.428000
0 0.340000 0.612000 0.500000 0.612000 0.500000 0.772000 0.340000 0.772000
1 0.640000 0.124000 0.577646 0.232000 0.702354 0.232000
0 0.498000 0.414000 0.554000 0.414000 0.554000 0.470000 0.498000 0.470000
1 0.260000 0.802000 0.218431 0.874000 0.301569 0.874000