0 0.812000 0.516000 0.896000 0.516000 0.896000 0.600000 0.812000 0.600000
1 0.686000 0.100000 0.625956 0.204000 0.746044 0.204000
0 0.802000 0.124000 0.878000 0.124000 0.878000 0.200000 0.802000 0.200000
1 0.744000 0.570000 0.672409 0.694000 0.815591 0.694000
0 0.154000 0.740000 0.222000 0.740000 0.222000 0.808000 0.154000 0.808000
1 0.428000 0.770000 0.367956 0.874000 0.488044 0.874000
1 0.356000 0.486000 0.270552 0.634000 0.441448 0.634000
0 0.354000 0.272000 0.442000 0.272000 0.442000 0.360000 0.354000 0.360000
1 0.796000 0.236000 0.694386 0.412000 0.897614 0.412000
0 0.700000 0.700000 0.844000 0.700000 0.844000 0.844000 0.700000 0.844000
0 0.188000 0.176000 0.328000 0.176000 0.328000 0.316000 0.188000 0.316000