1 0.750000 0.564000 0.713050 0.628000 0.786950 0.628000
1 0.552000 0.068000 0.448077 0.248000 0.655923 0.248000
0 0.808000 0.376000 0.912000 0.376000 0.912000 0.480000 0.808000 0.480000
1 0.370000 0.398000 0.337668 0.454000 0.402332 0.454000
1 0.140000 0.476000 0.052243 0.628000 0.227757 0.628000
1 0.260000 0.112000 0.220740 0.180000 0.299260 0.180000
1 0.216000 0.754000 0.146718 0.874000 0.285282 0.874000
1 0.356000 0.548000 0.270552 0.696000 0.441448 0.696000
0 0.340000 0.160000 0.424000 0.160000 0.424000 0.244000 0.340000 0.244000
0 0.676000 0.202000 0.728000 0.202000 0.728000 0.254000 0.676000 0.254000
0 0.524000 0.400000 0.696000 0.400000 0.696000 0.572000 0.524000 0.572000
0 0.184000 0.238000 0.228000 0.238000 0.228000 0.282000 0.184000 0.282000
0 0.470000 0.618000 0.662000 0.618000 0.662000 0.810000 0.470000 0.810000