0 0.704000 0.324000 0.772000 0.324000 0.772000 0.392000 0.704000 0.392000
1 0.796000 0.666000 0.754431 0.738000 0.837569 0.738000
0 0.744000 0.790000 0.872000 0.790000 0.872000 0.918000 0.744000 0.918000
0 0.394000 0.310000 0.490000 0.310000 0.490000 0.406000 0.394000 0.406000
0 0.472000 0.558000 0.644000 0.558000 0.644000 0.730000 0.472000 0.730000
0 0.146000 0.150000 0.258000 0.150000 0.258000 0.262000 0.146000 0.262000
1 0.450000 0.146000 0.410740 0.214000 0.489260 0.214000
0 0.700000 0.180000 0.828000 0.180000 0.828000 0.308000 0.700000 0.308000
1 0.148000 0.452000 0.046386 0.628000 0.249614 0.628000
0 0.136000 0.774000 0.288000 0.774000 0.288000 0.926000 0.136000 0.926000
1 0.662000 0.748000 0.627359 0.808000 0.696641 0.808000
1 0.648000 0.306000 0.590265 0.406000 0.705735 0.406000
1 0.402000 0.576000 0.365050 0.640000 0.438950 0.640000