0 0.764000 0.370000 0.948000 0.370000 0.948000 0.554000 0.764000 0.554000
1 0.830000 0.052000 0.723768 0.236000 0.936232 0.236000
0 0.232000 0.080000 0.368000 0.080000 0.368000 0.216000 0.232000 0.216000
1 0.404000 0.322000 0.327790 0.454000 0.480210 0.454000
1 0.172000 0.304000 0.093480 0.440000 0.250520 0.440000
1 0.338000 0.466000 0.275646 0.574000 0.400354 0.574000
0 0.782000 0.604000 0.842000 0.604000 0.842000 0.664000 0.782000 0.664000
0 0.432000 0.532000 0.596000 0.532000 0.596000 0.696000 0.432000 0.696000
0 0.166000 0.760000 0.282000 0.760000 0.282000 0.876000 0.166000 0.876000
1 0.674000 0.238000 0.641668 0.294000 0.706332 0.294000
1 0.584000 0.232000 0.535503 0.316000 0.632497 0.316000