1 0.224000 0.100000 0.163956 0.204000 0.284044 0.204000
1 0.184000 0.734000 0.114718 0.854000 0.253282 0.854000
0 0.802000 0.694000 0.890000 0.694000 0.890000 0.782000 0.802000 0.782000
1 0.310000 0.210000 0.203768 0.394000 0.416232 0.394000
0 0.136000 0.414000 0.244000 0.414000 0.244000 0.522000 0.136000 0.522000
1 0.758000 0.404000 0.654077 0.584000 0.861923 0.584000
0 0.604000 0.110000 0.736000 0.110000 0.736000 0.242000 0.604000 0.242000
1 0.554000 0.390000 0.473171 0.530000 0.634829 0.530000
1 0.798000 0.816000 0.765668 0.872000 0.830332 0.872000
0 0.674000 0.740000 0.726000 0.740000 0.726000 0.792000 0.674000 0.792000
0 0.384000 0.682000 0.520000 0.682000 0.520000 0.818000 0.384000 0.818000