1 0.450000 0.808000 0.415359 0.868000 0.484641 0.868000
1 0.642000 0.368000 0.600431 0.440000 0.683569 0.440000
1 0.856000 0.688000 0.819050 0.752000 0.892950 0.752000
1 0.780000 0.120000 0.740740 0.188000 0.819260 0.188000
1 0.224000 0.366000 0.180121 0.442000 0.267879 0.442000
1 0.396000 0.268000 0.363668 0.324000 0.428332 0.324000
0 0.554000 0.142000 0.682000 0.142000 0.682000 0.270000 0.554000 0.270000
0 0.634000 0.452000 0.822000 0.452000 0.822000 0.640000 0.634000 0.640000
0 0.460000 0.582000 0.624000 0.582000 0.624000 0.746000 0.460000 0.746000
1 0.806000 0.770000 0.715933 0.926000 0.896067 0.926000
0 0.140000 0.466000 0.332000 0.466000 0.332000 0.658000 0.140000 0.658000
1 0.734000 0.660000 0.710906 0.700000 0.757094 0.700000