0 0.162000 0.538000 0.338000 0.538000 0.338000 0.714000 0.162000 0.714000
0 0.602000 0.120000 0.650000 0.120000 0.650000 0.168000 0.602000 0.168000
1 0.212000 0.150000 0.128862 0.294000 0.295138 0.294000
1 0.808000 0.476000 0.775668 0.532000 0.840332 0.532000
0 0.434000 0.184000 0.626000 0.184000 0.626000 0.376000 0.434000 0.376000
0 0.560000 0.540000 0.672000 0.540000 0.672000 0.652000 0.560000 0.652000
0 0.416000 0.672000 0.460000 0.672000 0.460000 0.716000 0.416000 0.716000
1 0.416000 0.548000 0.355956 0.652000 0.476044 0.652000
0 0.184000 0.296000 0.340000 0.296000 0.340000 0.452000 0.184000 0.452000
0 0.754000 0.266000 0.926000 0.266000 0.926000 0.438000 0.754000 0.438000
1 0.816000 0.726000 0.709768 0.910000 0.922232 0.910000