1 0.302000 0.228000 0.246574 0.324000 0.357426 0.324000
1 0.726000 0.744000 0.691359 0.804000 0.760641 0.804000
1 0.158000 0.630000 0.077171 0.770000 0.238829 0.770000
1 0.700000 0.164000 0.614552 0.312000 0.785448 0.312000
1 0.482000 0.576000 0.442740 0.644000 0.521260 0.644000
1 0.324000 0.696000 0.220077 0.876000 0.427923 0.876000
1 0.342000 0.456000 0.291193 0.544000 0.392807 0.544000
0 0.558000 0.422000 0.606000 0.422000 0.606000 0.470000 0.558000 0.470000
1 0.504000 0.162000 0.443956 0.266000 0.564044 0.266000
0 0.412000 0.366000 0.500000 0.366000 0.500000 0.454000 0.412000 0.454000
0 0.738000 0.550000 0.930000 0.550000 0.930000 0.742000 0.738000 0.742000
1 0.752000 0.332000 0.678099 0.460000 0.825901 0.460000