0 0.376000 0.414000 0.436000 0.414000 0.436000 0.474000 0.376000 0.474000
1 0.664000 0.176000 0.573933 0.332000 0.754067 0.332000
1 0.314000 0.530000 0.230862 0.674000 0.397138 0.674000
0 0.144000 0.592000 0.192000 0.592000 0.192000 0.640000 0.144000 0.640000
1 0.212000 0.172000 0.140409 0.296000 0.283591 0.296000
1 0.732000 0.628000 0.683503 0.712000 0.780497 0.712000
0 0.144000 0.122000 0.192000 0.122000 0.192000 0.170000 0.144000 0.170000
1 0.846000 0.058000 0.732839 0.254000 0.959161 0.254000
1 0.650000 0.766000 0.599193 0.854000 0.700807 0.854000
1 0.410000 0.166000 0.343027 0.282000 0.476973 0.282000
1 0.162000 0.300000 0.092718 0.420000 0.231282 0.420000
0 0.448000 0.526000 0.628000 0.526000 0.628000 0.706000 0.448000 0.706000
1 0.628000 0.348000 0.558718 0.468000 0.697282 0.468000