0 0.786000 0.432000 0.834000 0.432000 0.834000 0.480000 0.786000 0.480000
0 0.522000 0.312000 0.622000 0.312000 0.622000 0.412000 0.522000 0.412000
0 0.590000 0.256000 0.646000 0.256000 0.646000 0.312000 0.590000 0.312000
0 0.054000 0.494000 0.246000 0.494000 0.246000 0.686000 0.054000 0.686000
1 0.238000 0.268000 0.198740 0.336000 0.277260 0.336000
1 0.820000 0.666000 0.739171 0.806000 0.900829 0.806000
0 0.472000 0.332000 0.520000 0.332000 0.520000 0.380000 0.472000 0.380000
1 0.644000 0.380000 0.618597 0.424000 0.669403 0.424000
0 0.738000 0.086000 0.858000 0.086000 0.858000 0.206000 0.738000 0.206000
0 0.540000 0.780000 0.664000 0.780000 0.664000 0.904000 0.540000 0.904000
1 0.422000 0.794000 0.364265 0.894000 0.479735 0.894000
0 0.622000 0.668000 0.670000 0.668000 0.670000 0.716000 0.622000 0.716000
1 0.426000 0.226000 0.395978 0.278000 0.456022 0.278000
0 0.348000 0.576000 0.448000 0.576000 0.448000 0.676000 0.348000 0.676000
1 0.788000 0.258000 0.704862 0.402000 0.871138 0.402000