1 0.188000 0.768000 0.084077 0.948000 0.291923 0.948000
0 0.106000 0.058000 0.306000 0.058000 0.306000 0.258000 0.106000 0.258000
1 0.800000 0.050000 0.693768 0.234000 0.906232 0.234000
1 0.476000 0.366000 0.395171 0.506000 0.556829 0.506000
1 0.774000 0.396000 0.704718 0.516000 0.843282 0.516000
0 0.278000 0.570000 0.398000 0.570000 0.398000 0.690000 0.278000 0.690000
1 0.670000 0.254000 0.642287 0.302000 0.697713 0.302000
0 0.704000 0.770000 0.800000 0.770000 0.800000 0.866000 0.704000 0.866000
0 0.126000 0.610000 0.190000 0.610000 0.190000 0.674000 0.126000 0.674000
0 0.526000 0.170000 0.570000 0.170000 0.570000 0.214000 0.526000 0.214000
0 0.346000 0.708000 0.502000 0.708000 0.502000 0.864000 0.346000 0.864000
1 0.738000 0.242000 0.687193 0.330000 0.788807 0.330000