1 0.466000 0.718000 0.385171 0.858000 0.546829 0.858000
1 0.684000 0.254000 0.637812 0.334000 0.730188 0.334000
1 0.340000 0.708000 0.279956 0.812000 0.400044 0.812000
1 0.410000 0.196000 0.326862 0.340000 0.493138 0.340000
0 0.078000 0.592000 0.226000 0.592000 0.226000 0.740000 0.078000 0.740000
1 0.316000 0.528000 0.272121 0.604000 0.359879 0.604000
1 0.706000 0.754000 0.680597 0.798000 0.731403 0.798000
1 0.518000 0.166000 0.478740 0.234000 0.557260 0.234000
0 0.434000 0.520000 0.566000 0.520000 0.566000 0.652000 0.434000 0.652000
0 0.678000 0.510000 0.750000 0.510000 0.750000 0.582000 0.678000 0.582000
0 0.668000 0.810000 0.728000 0.810000 0.728000 0.870000 0.668000 0.870000
0 0.206000 0.404000 0.266000 0.404000 0.266000 0.464000 0.206000 0.464000
1 0.236000 0.136000 0.157480 0.272000 0.314520 0.272000