0 0.594000 0.430000 0.694000 0.430000 0.694000 0.530000 0.594000 0.530000
0 0.194000 0.804000 0.250000 0.804000 0.250000 0.860000 0.194000 0.860000
0 0.754000 0.742000 0.818000 0.742000 0.818000 0.806000 0.754000 0.806000
0 0.754000 0.144000 0.910000 0.144000 0.910000 0.300000 0.754000 0.300000
1 0.610000 0.548000 0.543027 0.664000 0.676973 0.664000
1 0.272000 0.170000 0.225812 0.250000 0.318188 0.250000
1 0.294000 0.812000 0.270906 0.852000 0.317094 0.852000
1 0.542000 0.786000 0.477337 0.898000 0.606663 0.898000
1 0.786000 0.428000 0.730574 0.524000 0.841426 0.524000
1 0.438000 0.576000 0.354862 0.720000 0.521138 0.720000
1 0.426000 0.156000 0.333624 0.316000 0.518376 0.316000
0 0.576000 0.272000 0.660000 0.272000 0.660000 0.356000 0.576000 0.356000