1 0.314000 0.476000 0.288597 0.520000 0.339403 0.520000
1 0.630000 0.166000 0.539933 0.322000 0.720067 0.322000
0 0.340000 0.754000 0.440000 0.754000 0.440000 0.854000 0.340000 0.854000
0 0.370000 0.178000 0.414000 0.178000 0.414000 0.222000 0.370000 0.222000
0 0.620000 0.374000 0.772000 0.374000 0.772000 0.526000 0.620000 0.526000
0 0.482000 0.676000 0.522000 0.676000 0.522000 0.716000 0.482000 0.716000
0 0.612000 0.684000 0.664000 0.684000 0.664000 0.736000 0.612000 0.736000
0 0.264000 0.832000 0.304000 0.832000 0.304000 0.872000 0.264000 0.872000
1 0.152000 0.428000 0.064243 0.580000 0.239757 0.580000
1 0.198000 0.048000 0.084839 0.244000 0.311161 0.244000
1 0.794000 0.746000 0.768597 0.790000 0.819403 0.790000