1 0.230000 0.748000 0.181503 0.832000 0.278497 0.832000
1 0.142000 0.634000 0.100431 0.706000 0.183569 0.706000
1 0.674000 0.464000 0.623193 0.552000 0.724807 0.552000
1 0.186000 0.456000 0.144431 0.528000 0.227569 0.528000
0 0.680000 0.134000 0.808000 0.134000 0.808000 0.262000 0.680000 0.262000
1 0.280000 0.310000 0.249978 0.362000 0.310022 0.362000
0 0.298000 0.104000 0.466000 0.104000 0.466000 0.272000 0.298000 0.272000
0 0.266000 0.536000 0.414000 0.536000 0.414000 0.684000 0.266000 0.684000
0 0.532000 0.668000 0.708000 0.668000 0.708000 0.844000 0.532000 0.844000
0 0.790000 0.612000 0.886000 0.612000 0.886000 0.708000 0.790000 0.708000
0 0.518000 0.274000 0.590000 0.274000 0.590000 0.346000 0.518000 0.346000
1 0.786000 0.290000 0.686696 0.462000 0.885304 0.462000