1 0.504000 0.330000 0.455503 0.414000 0.552497 0.414000
1 0.724000 0.272000 0.677812 0.352000 0.770188 0.352000
0 0.518000 0.074000 0.670000 0.074000 0.670000 0.226000 0.518000 0.226000
0 0.628000 0.822000 0.672000 0.822000 0.672000 0.866000 0.628000 0.866000
0 0.344000 0.356000 0.424000 0.356000 0.424000 0.436000 0.344000 0.436000
1 0.426000 0.710000 0.365956 0.814000 0.486044 0.814000
1 0.224000 0.226000 0.143171 0.366000 0.304829 0.366000
0 0.586000 0.306000 0.634000 0.306000 0.634000 0.354000 0.586000 0.354000
1 0.496000 0.556000 0.472906 0.596000 0.519094 0.596000
1 0.316000 0.734000 0.290597 0.778000 0.341403 0.778000
1 0.832000 0.430000 0.776574 0.526000 0.887426 0.526000
0 0.096000 0.444000 0.284000 0.444000 0.284000 0.632000 0.096000 0.632000