0 0.350000 0.500000 0.390000 0.500000 0.390000 0.540000 0.350000 0.540000
1 0.594000 0.682000 0.499315 0.846000 0.688685 0.846000
0 0.384000 0.320000 0.440000 0.320000 0.440000 0.376000 0.384000 0.376000
1 0.628000 0.436000 0.512530 0.636000 0.743470 0.636000
0 0.100000 0.174000 0.204000 0.174000 0.204000 0.278000 0.100000 0.278000
0 0.316000 0.620000 0.356000 0.620000 0.356000 0.660000 0.316000 0.660000
1 0.840000 0.688000 0.731458 0.876000 0.948542 0.876000
1 0.558000 0.226000 0.497956 0.330000 0.618044 0.330000
0 0.384000 0.378000 0.432000 0.378000 0.432000 0.426000 0.384000 0.426000
0 0.216000 0.322000 0.272000 0.322000 0.272000 0.378000 0.216000 0.378000
0 0.112000 0.590000 0.212000 0.590000 0.212000 0.690000 0.112000 0.690000
1 0.260000 0.686000 0.232287 0.734000 0.287713 0.734000
1 0.828000 0.582000 0.777193 0.670000 0.878807 0.670000
1 0.404000 0.126000 0.346265 0.226000 0.461735 0.226000
0 0.328000 0.446000 0.368000 0.446000 0.368000 0.486000 0.328000 0.486000