0 0.776000 0.084000 0.932000 0.084000 0.932000 0.240000 0.776000 0.240000
0 0.806000 0.638000 0.854000 0.638000 0.854000 0.686000 0.806000 0.686000
1 0.778000 0.364000 0.713337 0.476000 0.842663 0.476000
1 0.606000 0.274000 0.518243 0.426000 0.693757 0.426000
1 0.728000 0.184000 0.704906 0.224000 0.751094 0.224000
0 0.352000 0.074000 0.504000 0.074000 0.504000 0.226000 0.352000 0.226000
1 0.440000 0.370000 0.363790 0.502000 0.516210 0.502000
1 0.322000 0.488000 0.271193 0.576000 0.372807 0.576000
0 0.610000 0.192000 0.690000 0.192000 0.690000 0.272000 0.610000 0.272000
1 0.200000 0.514000 0.128409 0.638000 0.271591 0.638000
1 0.678000 0.732000 0.634121 0.808000 0.721879 0.808000