1 0.344000 0.210000 0.253933 0.366000 0.434067 0.366000
0 0.544000 0.650000 0.588000 0.650000 0.588000 0.694000 0.544000 0.694000
1 0.444000 0.524000 0.418597 0.568000 0.469403 0.568000
0 0.112000 0.290000 0.224000 0.290000 0.224000 0.402000 0.112000 0.402000
1 0.444000 0.144000 0.407050 0.208000 0.480950 0.208000
1 0.242000 0.538000 0.216597 0.582000 0.267403 0.582000
1 0.376000 0.512000 0.341359 0.572000 0.410641 0.572000
1 0.304000 0.670000 0.257812 0.750000 0.350188 0.750000
0 0.720000 0.244000 0.844000 0.244000 0.844000 0.368000 0.720000 0.368000
0 0.738000 0.396000 0.838000 0.396000 0.838000 0.496000 0.738000 0.496000
0 0.326000 0.388000 0.382000 0.388000 0.382000 0.444000 0.326000 0.444000
0 0.654000 0.410000 0.714000 0.410000 0.714000 0.470000 0.654000 0.470000
1 0.802000 0.656000 0.691149 0.848000 0.912851 0.848000
0 0.458000 0.274000 0.506000 0.274000 0.506000 0.322000 0.458000 0.322000