1 0.854000 0.706000 0.775480 0.842000 0.932520 0.842000
1 0.386000 0.606000 0.328265 0.706000 0.443735 0.706000
1 0.624000 0.514000 0.598597 0.558000 0.649403 0.558000
1 0.726000 0.194000 0.670574 0.290000 0.781426 0.290000
0 0.390000 0.186000 0.446000 0.186000 0.446000 0.242000 0.390000 0.242000
1 0.232000 0.436000 0.148862 0.580000 0.315138 0.580000
0 0.494000 0.640000 0.666000 0.640000 0.666000 0.812000 0.494000 0.812000
1 0.436000 0.794000 0.382884 0.886000 0.489116 0.886000
1 0.394000 0.364000 0.354740 0.432000 0.433260 0.432000
0 0.662000 0.496000 0.722000 0.496000 0.722000 0.556000 0.662000 0.556000
0 0.660000 0.314000 0.788000 0.314000 0.788000 0.442000 0.660000 0.442000