0 0.702000 0.272000 0.822000 0.272000 0.822000 0.392000 0.702000 0.392000
1 0.528000 0.740000 0.467956 0.844000 0.588044 0.844000
1 0.534000 0.136000 0.510906 0.176000 0.557094 0.176000
1 0.338000 0.604000 0.289503 0.688000 0.386497 0.688000
0 0.404000 0.316000 0.484000 0.316000 0.484000 0.396000 0.404000 0.396000
1 0.798000 0.162000 0.767978 0.214000 0.828022 0.214000
0 0.574000 0.292000 0.702000 0.292000 0.702000 0.420000 0.574000 0.420000
1 0.252000 0.186000 0.210431 0.258000 0.293569 0.258000
1 0.398000 0.128000 0.342574 0.224000 0.453426 0.224000
0 0.578000 0.608000 0.662000 0.608000 0.662000 0.692000 0.578000 0.692000
0 0.336000 0.690000 0.452000 0.690000 0.452000 0.806000 0.336000 0.806000