0 0.604000 0.222000 0.712000 0.222000 0.712000 0.330000 0.604000 0.330000
0 0.764000 0.138000 0.848000 0.138000 0.848000 0.222000 0.764000 0.222000
1 0.260000 0.302000 0.179171 0.442000 0.340829 0.442000
1 0.680000 0.530000 0.585315 0.694000 0.774685 0.694000
0 0.696000 0.442000 0.760000 0.442000 0.760000 0.506000 0.696000 0.506000
1 0.444000 0.370000 0.416287 0.418000 0.471713 0.418000
0 0.540000 0.742000 0.636000 0.742000 0.636000 0.838000 0.540000 0.838000
0 0.834000 0.496000 0.878000 0.496000 0.878000 0.540000 0.834000 0.540000
0 0.342000 0.236000 0.414000 0.236000 0.414000 0.308000 0.342000 0.308000
0 0.290000 0.620000 0.386000 0.620000 0.386000 0.716000 0.290000 0.716000
1 0.500000 0.244000 0.435337 0.356000 0.564663 0.356000
0 0.220000 0.654000 0.276000 0.654000 0.276000 0.710000 0.220000 0.710000
0 0.312000 0.478000 0.432000 0.478000 0.432000 0.598000 0.312000 0.598000