0 0.084000 0.102000 0.196000 0.102000 0.196000 0.214000 0.084000 0.214000
0 0.544000 0.278000 0.660000 0.278000 0.660000 0.394000 0.544000 0.394000
0 0.368000 0.358000 0.416000 0.358000 0.416000 0.406000 0.368000 0.406000
0 0.706000 0.718000 0.894000 0.718000 0.894000 0.906000 0.706000 0.906000
1 0.302000 0.292000 0.241956 0.396000 0.362044 0.396000
0 0.100000 0.522000 0.196000 0.522000 0.196000 0.618000 0.100000 0.618000
1 0.698000 0.598000 0.649503 0.682000 0.746497 0.682000
1 0.334000 0.688000 0.243933 0.844000 0.424067 0.844000
1 0.246000 0.508000 0.188265 0.608000 0.303735 0.608000
1 0.412000 0.254000 0.384287 0.302000 0.439713 0.302000
1 0.356000 0.444000 0.286718 0.564000 0.425282 0.564000
0 0.096000 0.746000 0.216000 0.746000 0.216000 0.866000 0.096000 0.866000