1 0.836000 0.112000 0.775956 0.216000 0.896044 0.216000
0 0.766000 0.424000 0.850000 0.424000 0.850000 0.508000 0.766000 0.508000
1 0.630000 0.144000 0.604597 0.188000 0.655403 0.188000
0 0.500000 0.602000 0.560000 0.602000 0.560000 0.662000 0.500000 0.662000
0 0.420000 0.606000 0.460000 0.606000 0.460000 0.646000 0.420000 0.646000
1 0.578000 0.230000 0.494862 0.374000 0.661138 0.374000
0 0.390000 0.318000 0.478000 0.318000 0.478000 0.406000 0.390000 0.406000
1 0.412000 0.130000 0.386597 0.174000 0.437403 0.174000
0 0.482000 0.692000 0.678000 0.692000 0.678000 0.888000 0.482000 0.888000
1 0.504000 0.412000 0.457812 0.492000 0.550188 0.492000
0 0.244000 0.320000 0.352000 0.320000 0.352000 0.428000 0.244000 0.428000
0 0.656000 0.250000 0.764000 0.250000 0.764000 0.358000 0.656000 0.358000
0 0.082000 0.692000 0.282000 0.692000 0.282000 0.892000 0.082000 0.892000