0 0.464000 0.252000 0.556000 0.252000 0.556000 0.344000 0.464000 0.344000
1 0.528000 0.692000 0.431005 0.860000 0.624995 0.860000
0 0.286000 0.094000 0.454000 0.094000 0.454000 0.262000 0.286000 0.262000
0 0.130000 0.764000 0.170000 0.764000 0.170000 0.804000 0.130000 0.804000
1 0.334000 0.696000 0.218530 0.896000 0.449470 0.896000
0 0.770000 0.702000 0.902000 0.702000 0.902000 0.834000 0.770000 0.834000
1 0.562000 0.578000 0.529668 0.634000 0.594332 0.634000
1 0.644000 0.324000 0.579337 0.436000 0.708663 0.436000
0 0.112000 0.108000 0.276000 0.108000 0.276000 0.272000 0.112000 0.272000
0 0.172000 0.304000 0.240000 0.304000 0.240000 0.372000 0.172000 0.372000
0 0.754000 0.400000 0.886000 0.400000 0.886000 0.532000 0.754000 0.532000