0 0.560000 0.780000 0.636000 0.780000 0.636000 0.856000 0.560000 0.856000
1 0.700000 0.336000 0.628409 0.460000 0.771591 0.460000
1 0.660000 0.476000 0.576862 0.620000 0.743138 0.620000
0 0.826000 0.644000 0.886000 0.644000 0.886000 0.704000 0.826000 0.704000
1 0.504000 0.314000 0.425480 0.450000 0.582520 0.450000
1 0.140000 0.152000 0.040696 0.324000 0.239304 0.324000
1 0.460000 0.742000 0.429978 0.794000 0.490022 0.794000
0 0.164000 0.456000 0.216000 0.456000 0.216000 0.508000 0.164000 0.508000
0 0.364000 0.142000 0.536000 0.142000 0.536000 0.314000 0.364000 0.314000
0 0.188000 0.528000 0.380000 0.528000 0.380000 0.720000 0.188000 0.720000
1 0.738000 0.650000 0.673337 0.762000 0.802663 0.762000
0 0.384000 0.608000 0.428000 0.608000 0.428000 0.652000 0.384000 0.652000