1 0.850000 0.280000 0.773790 0.412000 0.926210 0.412000
0 0.714000 0.778000 0.826000 0.778000 0.826000 0.890000 0.714000 0.890000
1 0.176000 0.804000 0.136740 0.872000 0.215260 0.872000
1 0.574000 0.760000 0.490862 0.904000 0.657138 0.904000
0 0.764000 0.598000 0.896000 0.598000 0.896000 0.730000 0.764000 0.730000
0 0.196000 0.300000 0.276000 0.300000 0.276000 0.380000 0.196000 0.380000
0 0.674000 0.346000 0.734000 0.346000 0.734000 0.406000 0.674000 0.406000
1 0.320000 0.744000 0.218386 0.920000 0.421614 0.920000
0 0.432000 0.480000 0.616000 0.480000 0.616000 0.664000 0.432000 0.664000
1 0.714000 0.410000 0.656265 0.510000 0.771735 0.510000
0 0.104000 0.556000 0.240000 0.556000 0.240000 0.692000 0.104000 0.692000
0 0.394000 0.122000 0.530000 0.122000 0.530000 0.258000 0.394000 0.258000
0 0.752000 0.198000 0.796000 0.198000 0.796000 0.242000 0.752000 0.242000
1 0.374000 0.328000 0.293171 0.468000 0.454829 0.468000