1 0.646000 0.808000 0.622906 0.848000 0.669094 0.848000
1 0.668000 0.258000 0.635668 0.314000 0.700332 0.314000
0 0.804000 0.534000 0.860000 0.534000 0.860000 0.590000 0.804000 0.590000
1 0.376000 0.114000 0.299790 0.246000 0.452210 0.246000
0 0.720000 0.674000 0.892000 0.674000 0.892000 0.846000 0.720000 0.846000
0 0.264000 0.258000 0.368000 0.258000 0.368000 0.362000 0.264000 0.362000
1 0.426000 0.426000 0.370574 0.522000 0.481426 0.522000
0 0.126000 0.480000 0.294000 0.480000 0.294000 0.648000 0.126000 0.648000
1 0.620000 0.476000 0.509149 0.668000 0.730851 0.668000
1 0.358000 0.700000 0.314121 0.776000 0.401879 0.776000
1 0.794000 0.132000 0.703933 0.288000 0.884067 0.288000
0 0.118000 0.264000 0.170000 0.264000 0.170000 0.316000 0.118000 0.316000
0 0.434000 0.642000 0.490000 0.642000 0.490000 0.698000 0.434000 0.698000
0 0.396000 0.270000 0.536000 0.270000 0.536000 0.410000 0.396000 0.410000