0 0.108000 0.528000 0.180000 0.528000 0.180000 0.600000 0.108000 0.600000
0 0.672000 0.220000 0.748000 0.220000 0.748000 0.296000 0.672000 0.296000
1 0.392000 0.384000 0.359668 0.440000 0.424332 0.440000
0 0.368000 0.718000 0.468000 0.718000 0.468000 0.818000 0.368000 0.818000
0 0.704000 0.384000 0.804000 0.384000 0.804000 0.484000 0.704000 0.484000
1 0.296000 0.778000 0.263668 0.834000 0.328332 0.834000
0 0.314000 0.578000 0.366000 0.578000 0.366000 0.630000 0.314000 0.630000
0 0.342000 0.256000 0.450000 0.256000 0.450000 0.364000 0.342000 0.364000
1 0.140000 0.608000 0.100740 0.676000 0.179260 0.676000
1 0.688000 0.568000 0.664906 0.608000 0.711094 0.608000
0 0.504000 0.224000 0.660000 0.224000 0.660000 0.380000 0.504000 0.380000
0 0.124000 0.328000 0.324000 0.328000 0.324000 0.528000 0.124000 0.528000