1 0.476000 0.520000 0.425193 0.608000 0.526807 0.608000
0 0.168000 0.392000 0.336000 0.392000 0.336000 0.560000 0.168000 0.560000
1 0.538000 0.186000 0.491812 0.266000 0.584188 0.266000
0 0.118000 0.720000 0.242000 0.720000 0.242000 0.844000 0.118000 0.844000
1 0.386000 0.290000 0.339812 0.370000 0.432188 0.370000
1 0.644000 0.384000 0.540077 0.564000 0.747923 0.564000
1 0.418000 0.666000 0.360265 0.766000 0.475735 0.766000
1 0.736000 0.194000 0.666718 0.314000 0.805282 0.314000
0 0.360000 0.564000 0.424000 0.564000 0.424000 0.628000 0.360000 0.628000
1 0.296000 0.720000 0.240574 0.816000 0.351426 0.816000
0 0.762000 0.658000 0.830000 0.658000 0.830000 0.726000 0.762000 0.726000