1 0.786000 0.640000 0.755978 0.692000 0.816022 0.692000
1 0.814000 0.698000 0.735480 0.834000 0.892520 0.834000
0 0.232000 0.150000 0.276000 0.150000 0.276000 0.194000 0.232000 0.194000
0 0.634000 0.768000 0.730000 0.768000 0.730000 0.864000 0.634000 0.864000
1 0.664000 0.414000 0.601646 0.522000 0.726354 0.522000
0 0.084000 0.762000 0.196000 0.762000 0.196000 0.874000 0.084000 0.874000
1 0.764000 0.132000 0.673933 0.288000 0.854067 0.288000
0 0.444000 0.766000 0.488000 0.766000 0.488000 0.810000 0.444000 0.810000
1 0.352000 0.306000 0.241149 0.498000 0.462851 0.498000
1 0.156000 0.380000 0.040530 0.580000 0.271470 0.580000
1 0.524000 0.508000 0.443171 0.648000 0.604829 0.648000