1 0.504000 0.568000 0.476287 0.616000 0.531713 0.616000
1 0.392000 0.642000 0.341193 0.730000 0.442807 0.730000
0 0.576000 0.596000 0.728000 0.596000 0.728000 0.748000 0.576000 0.748000
1 0.422000 0.408000 0.331933 0.564000 0.512067 0.564000
1 0.848000 0.436000 0.783337 0.548000 0.912663 0.548000
0 0.742000 0.622000 0.854000 0.622000 0.854000 0.734000 0.742000 0.734000
0 0.588000 0.122000 0.664000 0.122000 0.664000 0.198000 0.588000 0.198000
0 0.136000 0.542000 0.240000 0.542000 0.240000 0.646000 0.136000 0.646000
1 0.368000 0.798000 0.328740 0.866000 0.407260 0.866000
1 0.456000 0.248000 0.379790 0.380000 0.532210 0.380000
1 0.216000 0.330000 0.176740 0.398000 0.255260 0.398000