1 0.200000 0.504000 0.103005 0.672000 0.296995 0.672000
1 0.352000 0.474000 0.273480 0.610000 0.430520 0.610000
0 0.356000 0.640000 0.440000 0.640000 0.440000 0.724000 0.356000 0.724000
1 0.618000 0.642000 0.541790 0.774000 0.694210 0.774000
1 0.806000 0.466000 0.736718 0.586000 0.875282 0.586000
0 0.092000 0.134000 0.240000 0.134000 0.240000 0.282000 0.092000 0.282000
1 0.426000 0.186000 0.345171 0.326000 0.506829 0.326000
0 0.656000 0.518000 0.704000 0.518000 0.704000 0.566000 0.656000 0.566000
1 0.668000 0.244000 0.582552 0.392000 0.753448 0.392000
1 0.782000 0.196000 0.756597 0.240000 0.807403 0.240000
0 0.190000 0.710000 0.310000 0.710000 0.310000 0.830000 0.190000 0.830000
1 0.486000 0.520000 0.428265 0.620000 0.543735 0.620000