1 0.174000 0.498000 0.102409 0.622000 0.245591 0.622000
1 0.350000 0.360000 0.319978 0.412000 0.380022 0.412000
1 0.642000 0.376000 0.572718 0.496000 0.711282 0.496000
0 0.544000 0.116000 0.736000 0.116000 0.736000 0.308000 0.544000 0.308000
0 0.264000 0.590000 0.404000 0.590000 0.404000 0.730000 0.264000 0.730000
0 0.476000 0.768000 0.640000 0.768000 0.640000 0.932000 0.476000 0.932000
0 0.762000 0.242000 0.806000 0.242000 0.806000 0.286000 0.762000 0.286000
0 0.464000 0.372000 0.572000 0.372000 0.572000 0.480000 0.464000 0.480000
1 0.758000 0.592000 0.647149 0.784000 0.868851 0.784000
0 0.726000 0.348000 0.810000 0.348000 0.810000 0.432000 0.726000 0.432000
1 0.530000 0.698000 0.497668 0.754000 0.562332 0.754000
1 0.252000 0.232000 0.215050 0.296000 0.288950 0.296000