1 0.480000 0.352000 0.417646 0.460000 0.542354 0.460000
1 0.816000 0.724000 0.790597 0.768000 0.841403 0.768000
1 0.536000 0.810000 0.480574 0.906000 0.591426 0.906000
0 0.828000 0.820000 0.880000 0.820000 0.880000 0.872000 0.828000 0.872000
1 0.662000 0.210000 0.606574 0.306000 0.717426 0.306000
1 0.178000 0.174000 0.120265 0.274000 0.235735 0.274000
1 0.188000 0.764000 0.091005 0.932000 0.284995 0.932000
1 0.402000 0.716000 0.316552 0.864000 0.487448 0.864000
1 0.694000 0.692000 0.606243 0.844000 0.781757 0.844000
0 0.598000 0.370000 0.702000 0.370000 0.702000 0.474000 0.598000 0.474000
0 0.206000 0.352000 0.310000 0.352000 0.310000 0.456000 0.206000 0.456000
0 0.472000 0.532000 0.552000 0.532000 0.552000 0.612000 0.472000 0.612000