1 0.266000 0.344000 0.229050 0.408000 0.302950 0.408000
1 0.496000 0.140000 0.433646 0.248000 0.558354 0.248000
1 0.664000 0.132000 0.608574 0.228000 0.719426 0.228000
1 0.756000 0.370000 0.698265 0.470000 0.813735 0.470000
0 0.750000 0.544000 0.914000 0.544000 0.914000 0.708000 0.750000 0.708000
1 0.544000 0.628000 0.437768 0.812000 0.650232 0.812000
1 0.604000 0.250000 0.546265 0.350000 0.661735 0.350000
1 0.390000 0.410000 0.346121 0.486000 0.433879 0.486000
0 0.612000 0.548000 0.660000 0.548000 0.660000 0.596000 0.612000 0.596000
0 0.702000 0.770000 0.786000 0.770000 0.786000 0.854000 0.702000 0.854000
0 0.268000 0.162000 0.440000 0.162000 0.440000 0.334000 0.268000 0.334000