0 0.254000 0.762000 0.314000 0.762000 0.314000 0.822000 0.254000 0.822000
1 0.284000 0.222000 0.217027 0.338000 0.350973 0.338000
1 0.634000 0.116000 0.606287 0.164000 0.661713 0.164000
0 0.280000 0.706000 0.328000 0.706000 0.328000 0.754000 0.280000 0.754000
0 0.284000 0.438000 0.448000 0.438000 0.448000 0.602000 0.284000 0.602000
0 0.320000 0.374000 0.384000 0.374000 0.384000 0.438000 0.320000 0.438000
1 0.310000 0.602000 0.279978 0.654000 0.340022 0.654000
1 0.744000 0.516000 0.674718 0.636000 0.813282 0.636000
0 0.566000 0.808000 0.606000 0.808000 0.606000 0.848000 0.566000 0.848000
0 0.780000 0.680000 0.932000 0.680000 0.932000 0.832000 0.780000 0.832000
0 0.452000 0.586000 0.628000 0.586000 0.628000 0.762000 0.452000 0.762000
0 0.164000 0.340000 0.224000 0.340000 0.224000 0.400000 0.164000 0.400000