0 0.764000 0.414000 0.812000 0.414000 0.812000 0.462000 0.764000 0.462000
0 0.196000 0.274000 0.280000 0.274000 0.280000 0.358000 0.196000 0.358000
0 0.150000 0.108000 0.250000 0.108000 0.250000 0.208000 0.150000 0.208000
1 0.730000 0.250000 0.697668 0.306000 0.762332 0.306000
1 0.626000 0.472000 0.565956 0.576000 0.686044 0.576000
0 0.088000 0.460000 0.236000 0.460000 0.236000 0.608000 0.088000 0.608000
0 0.636000 0.344000 0.716000 0.344000 0.716000 0.424000 0.636000 0.424000
1 0.250000 0.698000 0.180718 0.818000 0.319282 0.818000
0 0.636000 0.586000 0.748000 0.586000 0.748000 0.698000 0.636000 0.698000
0 0.514000 0.646000 0.558000 0.646000 0.558000 0.690000 0.514000 0.690000
0 0.502000 0.410000 0.546000 0.410000 0.546000 0.454000 0.502000 0.454000
0 0.238000 0.424000 0.366000 0.424000 0.366000 0.552000 0.238000 0.552000
1 0.494000 0.172000 0.408552 0.320000 0.579448 0.320000