0 0.120000 0.528000 0.248000 0.528000 0.248000 0.656000 0.120000 0.656000
0 0.806000 0.536000 0.902000 0.536000 0.902000 0.632000 0.806000 0.632000
0 0.814000 0.366000 0.902000 0.366000 0.902000 0.454000 0.814000 0.454000
1 0.398000 0.474000 0.372597 0.518000 0.423403 0.518000
0 0.724000 0.316000 0.764000 0.316000 0.764000 0.356000 0.724000 0.356000
1 0.790000 0.194000 0.723027 0.310000 0.856973 0.310000
1 0.460000 0.444000 0.425359 0.504000 0.494641 0.504000
1 0.414000 0.528000 0.356265 0.628000 0.471735 0.628000
0 0.202000 0.322000 0.366000 0.322000 0.366000 0.486000 0.202000 0.486000
0 0.582000 0.564000 0.766000 0.564000 0.766000 0.748000 0.582000 0.748000
0 0.152000 0.086000 0.268000 0.086000 0.268000 0.202000 0.152000 0.202000