1 0.140000 0.332000 0.107668 0.388000 0.172332 0.388000
1 0.424000 0.348000 0.373193 0.436000 0.474807 0.436000
0 0.472000 0.450000 0.540000 0.450000 0.540000 0.518000 0.472000 0.518000
0 0.570000 0.382000 0.654000 0.382000 0.654000 0.466000 0.570000 0.466000
1 0.632000 0.184000 0.576574 0.280000 0.687426 0.280000
0 0.788000 0.480000 0.912000 0.480000 0.912000 0.604000 0.788000 0.604000
1 0.692000 0.742000 0.645812 0.822000 0.738188 0.822000
0 0.154000 0.762000 0.274000 0.762000 0.274000 0.882000 0.154000 0.882000
1 0.220000 0.468000 0.173812 0.548000 0.266188 0.548000
1 0.404000 0.160000 0.378597 0.204000 0.429403 0.204000
1 0.424000 0.622000 0.359337 0.734000 0.488663 0.734000
1 0.356000 0.734000 0.307503 0.818000 0.404497 0.818000