0 0.780000 0.690000 0.888000 0.690000 0.888000 0.798000 0.780000 0.798000
0 0.166000 0.552000 0.234000 0.552000 0.234000 0.620000 0.166000 0.620000
0 0.394000 0.762000 0.522000 0.762000 0.522000 0.890000 0.394000 0.890000
0 0.146000 0.256000 0.238000 0.256000 0.238000 0.348000 0.146000 0.348000
1 0.262000 0.430000 0.236597 0.474000 0.287403 0.474000
0 0.826000 0.158000 0.886000 0.158000 0.886000 0.218000 0.826000 0.218000
1 0.778000 0.138000 0.754906 0.178000 0.801094 0.178000
1 0.162000 0.724000 0.136597 0.768000 0.187403 0.768000
0 0.442000 0.260000 0.598000 0.260000 0.598000 0.416000 0.442000 0.416000
1 0.666000 0.674000 0.585171 0.814000 0.746829 0.814000
0 0.450000 0.130000 0.570000 0.130000 0.570000 0.250000 0.450000 0.250000
1 0.560000 0.456000 0.497646 0.564000 0.622354 0.564000