1 0.186000 0.210000 0.137503 0.294000 0.234497 0.294000
0 0.268000 0.676000 0.424000 0.676000 0.424000 0.832000 0.268000 0.832000
0 0.496000 0.578000 0.608000 0.578000 0.608000 0.690000 0.496000 0.690000
1 0.200000 0.112000 0.153812 0.192000 0.246188 0.192000
0 0.692000 0.494000 0.868000 0.494000 0.868000 0.670000 0.692000 0.670000
0 0.742000 0.712000 0.858000 0.712000 0.858000 0.828000 0.742000 0.828000
1 0.764000 0.106000 0.678552 0.254000 0.849448 0.254000
0 0.770000 0.286000 0.890000 0.286000 0.890000 0.406000 0.770000 0.406000
1 0.356000 0.498000 0.286718 0.618000 0.425282 0.618000
0 0.466000 0.108000 0.538000 0.108000 0.538000 0.180000 0.466000 0.180000
0 0.374000 0.220000 0.470000 0.220000 0.470000 0.316000 0.374000 0.316000
0 0.140000 0.350000 0.252000 0.350000 0.252000 0.462000 0.140000 0.462000