1 0.520000 0.138000 0.427624 0.298000 0.612376 0.298000
1 0.842000 0.730000 0.728839 0.926000 0.955161 0.926000
1 0.636000 0.790000 0.603668 0.846000 0.668332 0.846000
0 0.668000 0.796000 0.744000 0.796000 0.744000 0.872000 0.668000 0.872000
1 0.596000 0.426000 0.572906 0.466000 0.619094 0.466000
1 0.332000 0.538000 0.288121 0.614000 0.375879 0.614000
1 0.526000 0.610000 0.493668 0.666000 0.558332 0.666000
0 0.690000 0.500000 0.842000 0.500000 0.842000 0.652000 0.690000 0.652000
1 0.842000 0.314000 0.781956 0.418000 0.902044 0.418000
0 0.646000 0.178000 0.758000 0.178000 0.758000 0.290000 0.646000 0.290000
1 0.376000 0.446000 0.329812 0.526000 0.422188 0.526000
1 0.344000 0.088000 0.249315 0.252000 0.438685 0.252000
1 0.348000 0.770000 0.304121 0.846000 0.391879 0.846000