1 0.562000 0.152000 0.515812 0.232000 0.608188 0.232000
0 0.358000 0.496000 0.402000 0.496000 0.402000 0.540000 0.358000 0.540000
0 0.580000 0.596000 0.652000 0.596000 0.652000 0.668000 0.580000 0.668000
0 0.458000 0.460000 0.574000 0.460000 0.574000 0.576000 0.458000 0.576000
1 0.256000 0.508000 0.175171 0.648000 0.336829 0.648000
1 0.600000 0.776000 0.556121 0.852000 0.643879 0.852000
0 0.780000 0.432000 0.876000 0.432000 0.876000 0.528000 0.780000 0.528000
0 0.654000 0.552000 0.810000 0.552000 0.810000 0.708000 0.654000 0.708000
1 0.356000 0.226000 0.249768 0.410000 0.462232 0.410000
1 0.188000 0.648000 0.160287 0.696000 0.215713 0.696000
1 0.692000 0.722000 0.648121 0.798000 0.735879 0.798000
1 0.830000 0.122000 0.719149 0.314000 0.940851 0.314000