0 0.360000 0.510000 0.408000 0.510000 0.408000 0.558000 0.360000 0.558000
0 0.386000 0.782000 0.494000 0.782000 0.494000 0.890000 0.386000 0.890000
0 0.168000 0.678000 0.304000 0.678000 0.304000 0.814000 0.168000 0.814000
1 0.370000 0.284000 0.326121 0.360000 0.413879 0.360000
0 0.448000 0.348000 0.524000 0.348000 0.524000 0.424000 0.448000 0.424000
0 0.450000 0.650000 0.506000 0.650000 0.506000 0.706000 0.450000 0.706000
1 0.438000 0.122000 0.361790 0.254000 0.514210 0.254000
0 0.094000 0.070000 0.290000 0.070000 0.290000 0.266000 0.094000 0.266000
0 0.684000 0.312000 0.768000 0.312000 0.768000 0.396000 0.684000 0.396000
1 0.410000 0.636000 0.366121 0.712000 0.453879 0.712000
0 0.190000 0.412000 0.338000 0.412000 0.338000 0.560000 0.190000 0.560000
0 0.540000 0.500000 0.600000 0.500000 0.600000 0.560000 0.540000 0.560000