0 0.766000 0.424000 0.826000 0.424000 0.826000 0.484000 0.766000 0.484000
1 0.482000 0.772000 0.454287 0.820000 0.509713 0.820000
0 0.444000 0.366000 0.484000 0.366000 0.484000 0.406000 0.444000 0.406000
0 0.572000 0.770000 0.672000 0.770000 0.672000 0.870000 0.572000 0.870000
0 0.580000 0.194000 0.660000 0.194000 0.660000 0.274000 0.580000 0.274000
1 0.150000 0.396000 0.106121 0.472000 0.193879 0.472000
1 0.324000 0.660000 0.257027 0.776000 0.390973 0.776000
1 0.482000 0.292000 0.456597 0.336000 0.507403 0.336000
1 0.198000 0.106000 0.156431 0.178000 0.239569 0.178000
1 0.704000 0.258000 0.676287 0.306000 0.731713 0.306000
1 0.454000 0.106000 0.347768 0.290000 0.560232 0.290000
0 0.586000 0.320000 0.726000 0.320000 0.726000 0.460000 0.586000 0.460000
0 0.480000 0.682000 0.532000 0.682000 0.532000 0.734000 0.480000 0.734000
0 0.782000 0.508000 0.870000 0.508000 0.870000 0.596000 0.782000 0.596000
0 0.306000 0.426000 0.382000 0.426000 0.382000 0.502000 0.306000 0.502000