0 0.282000 0.484000 0.342000 0.484000 0.342000 0.544000 0.282000 0.544000
1 0.166000 0.800000 0.129050 0.864000 0.202950 0.864000
0 0.392000 0.196000 0.492000 0.196000 0.492000 0.296000 0.392000 0.296000
1 0.244000 0.114000 0.137768 0.298000 0.350232 0.298000
1 0.842000 0.318000 0.770409 0.442000 0.913591 0.442000
0 0.406000 0.678000 0.554000 0.678000 0.554000 0.826000 0.406000 0.826000
1 0.694000 0.714000 0.633956 0.818000 0.754044 0.818000
1 0.714000 0.484000 0.633171 0.624000 0.794829 0.624000
0 0.600000 0.120000 0.708000 0.120000 0.708000 0.228000 0.600000 0.228000
1 0.378000 0.310000 0.320265 0.410000 0.435735 0.410000
0 0.536000 0.592000 0.600000 0.592000 0.600000 0.656000 0.536000 0.656000
1 0.308000 0.698000 0.199458 0.886000 0.416542 0.886000