0 0.590000 0.754000 0.714000 0.754000 0.714000 0.878000 0.590000 0.878000
1 0.148000 0.166000 0.067171 0.306000 0.228829 0.306000
0 0.604000 0.252000 0.660000 0.252000 0.660000 0.308000 0.604000 0.308000
0 0.716000 0.432000 0.788000 0.432000 0.788000 0.504000 0.716000 0.504000
0 0.140000 0.530000 0.296000 0.530000 0.296000 0.686000 0.140000 0.686000
0 0.224000 0.164000 0.328000 0.164000 0.328000 0.268000 0.224000 0.268000
1 0.808000 0.596000 0.736409 0.720000 0.879591 0.720000
0 0.466000 0.454000 0.562000 0.454000 0.562000 0.550000 0.466000 0.550000
0 0.416000 0.254000 0.464000 0.254000 0.464000 0.302000 0.416000 0.302000
1 0.330000 0.300000 0.304597 0.344000 0.355403 0.344000
0 0.692000 0.128000 0.772000 0.128000 0.772000 0.208000 0.692000 0.208000