0 0.740000 0.668000 0.800000 0.668000 0.800000 0.728000 0.740000 0.728000
1 0.478000 0.142000 0.454906 0.182000 0.501094 0.182000
0 0.784000 0.292000 0.920000 0.292000 0.920000 0.428000 0.784000 0.428000
1 0.530000 0.254000 0.497668 0.310000 0.562332 0.310000
0 0.662000 0.400000 0.778000 0.400000 0.778000 0.516000 0.662000 0.516000
0 0.112000 0.146000 0.204000 0.146000 0.204000 0.238000 0.112000 0.238000
1 0.192000 0.524000 0.159668 0.580000 0.224332 0.580000
1 0.654000 0.280000 0.605503 0.364000 0.702497 0.364000
0 0.360000 0.324000 0.504000 0.324000 0.504000 0.468000 0.360000 0.468000
1 0.190000 0.334000 0.127646 0.442000 0.252354 0.442000
0 0.440000 0.532000 0.580000 0.532000 0.580000 0.672000 0.440000 0.672000
0 0.248000 0.216000 0.304000 0.216000 0.304000 0.272000 0.248000 0.272000