1 0.470000 0.134000 0.370696 0.306000 0.569304 0.306000
1 0.696000 0.392000 0.647503 0.476000 0.744497 0.476000
1 0.316000 0.412000 0.279050 0.476000 0.352950 0.476000
0 0.742000 0.642000 0.786000 0.642000 0.786000 0.686000 0.742000 0.686000
1 0.560000 0.684000 0.488409 0.808000 0.631591 0.808000
0 0.786000 0.294000 0.898000 0.294000 0.898000 0.406000 0.786000 0.406000
1 0.180000 0.454000 0.085315 0.618000 0.274685 0.618000
0 0.654000 0.250000 0.778000 0.250000 0.778000 0.374000 0.654000 0.374000
1 0.658000 0.100000 0.595646 0.208000 0.720354 0.208000
0 0.220000 0.116000 0.344000 0.116000 0.344000 0.240000 0.220000 0.240000
1 0.344000 0.740000 0.320906 0.780000 0.367094 0.780000
1 0.480000 0.342000 0.431503 0.426000 0.528497 0.426000
1 0.852000 0.610000 0.826597 0.654000 0.877403 0.654000