0 0.602000 0.580000 0.646000 0.580000 0.646000 0.624000 0.602000 0.624000
1 0.718000 0.690000 0.657956 0.794000 0.778044 0.794000
1 0.196000 0.422000 0.165978 0.474000 0.226022 0.474000
0 0.516000 0.824000 0.564000 0.824000 0.564000 0.872000 0.516000 0.872000
0 0.484000 0.166000 0.596000 0.166000 0.596000 0.278000 0.484000 0.278000
1 0.518000 0.616000 0.439480 0.752000 0.596520 0.752000
0 0.792000 0.244000 0.852000 0.244000 0.852000 0.304000 0.792000 0.304000
0 0.252000 0.632000 0.408000 0.632000 0.408000 0.788000 0.252000 0.788000
0 0.700000 0.386000 0.880000 0.386000 0.880000 0.566000 0.700000 0.566000
1 0.488000 0.364000 0.455668 0.420000 0.520332 0.420000
1 0.174000 0.100000 0.109337 0.212000 0.238663 0.212000