1 0.328000 0.786000 0.265646 0.894000 0.390354 0.894000
0 0.336000 0.320000 0.452000 0.320000 0.452000 0.436000 0.336000 0.436000
1 0.704000 0.308000 0.657812 0.388000 0.750188 0.388000
0 0.656000 0.140000 0.752000 0.140000 0.752000 0.236000 0.656000 0.236000
0 0.234000 0.446000 0.350000 0.446000 0.350000 0.562000 0.234000 0.562000
1 0.484000 0.626000 0.453978 0.678000 0.514022 0.678000
0 0.456000 0.094000 0.640000 0.094000 0.640000 0.278000 0.456000 0.278000
1 0.706000 0.760000 0.639027 0.876000 0.772973 0.876000
1 0.164000 0.562000 0.115503 0.646000 0.212497 0.646000
1 0.480000 0.692000 0.438431 0.764000 0.521569 0.764000
0 0.176000 0.720000 0.260000 0.720000 0.260000 0.804000 0.176000 0.804000
0 0.112000 0.242000 0.248000 0.242000 0.248000 0.378000 0.112000 0.378000