0 0.108000 0.272000 0.284000 0.272000 0.284000 0.448000 0.108000 0.448000
0 0.566000 0.478000 0.610000 0.478000 0.610000 0.522000 0.566000 0.522000
0 0.724000 0.258000 0.912000 0.258000 0.912000 0.446000 0.724000 0.446000
1 0.644000 0.740000 0.551624 0.900000 0.736376 0.900000
1 0.390000 0.608000 0.288386 0.784000 0.491614 0.784000
1 0.374000 0.462000 0.346287 0.510000 0.401713 0.510000
1 0.434000 0.172000 0.350862 0.316000 0.517138 0.316000
0 0.568000 0.392000 0.652000 0.392000 0.652000 0.476000 0.568000 0.476000
1 0.846000 0.684000 0.811359 0.744000 0.880641 0.744000
0 0.504000 0.526000 0.580000 0.526000 0.580000 0.602000 0.504000 0.602000
1 0.692000 0.236000 0.661978 0.288000 0.722022 0.288000
0 0.410000 0.788000 0.470000 0.788000 0.470000 0.848000 0.410000 0.848000