0 0.782000 0.638000 0.890000 0.638000 0.890000 0.746000 0.782000 0.746000
0 0.536000 0.322000 0.640000 0.322000 0.640000 0.426000 0.536000 0.426000
1 0.532000 0.708000 0.425768 0.892000 0.638232 0.892000
0 0.520000 0.460000 0.716000 0.460000 0.716000 0.656000 0.520000 0.656000
1 0.356000 0.618000 0.321359 0.678000 0.390641 0.678000
1 0.600000 0.126000 0.535337 0.238000 0.664663 0.238000
1 0.676000 0.828000 0.641359 0.888000 0.710641 0.888000
1 0.262000 0.522000 0.220431 0.594000 0.303569 0.594000
0 0.312000 0.412000 0.416000 0.412000 0.416000 0.516000 0.312000 0.516000
0 0.352000 0.728000 0.392000 0.728000 0.392000 0.768000 0.352000 0.768000
0 0.398000 0.296000 0.506000 0.296000 0.506000 0.404000 0.398000 0.404000