0 0.510000 0.090000 0.678000 0.090000 0.678000 0.258000 0.510000 0.258000
0 0.180000 0.462000 0.324000 0.462000 0.324000 0.606000 0.180000 0.606000
1 0.530000 0.598000 0.499978 0.650000 0.560022 0.650000
0 0.558000 0.794000 0.598000 0.794000 0.598000 0.834000 0.558000 0.834000
1 0.764000 0.586000 0.685480 0.722000 0.842520 0.722000
1 0.706000 0.508000 0.671359 0.568000 0.740641 0.568000
0 0.622000 0.318000 0.734000 0.318000 0.734000 0.430000 0.622000 0.430000
0 0.564000 0.536000 0.640000 0.536000 0.640000 0.612000 0.564000 0.612000
1 0.356000 0.132000 0.259005 0.300000 0.452995 0.300000
0 0.760000 0.226000 0.948000 0.226000 0.948000 0.414000 0.760000 0.414000
1 0.176000 0.716000 0.076696 0.888000 0.275304 0.888000